43230	8	0	3612.93	801.25	1	1	9162.82	100	8367.29	100	1649.82	5.63223	30.0583	54.4835	6.26944	3.7194	0	
129630	8	0	3781.43	801.25	1	1	9155.15	100	8362.76	100	1652.44	5.62122	30.2041	55.1004	6.35743	3.71651	0	
216030	7.92806	0	4438.75	801.25	1	1	9152.53	100	8358.27	100	1629.57	5.6797	30.4465	54.8914	5.94764	3.73805	0	
302430	7.9	0	3472.52	801.25	1	1	9153.93	100	8353.83	100	1659.45	5.60041	30.1187	54.6495	6.28417	3.711	0	
388830	7.9	0	2646.3	801.25	1	1	9137.33	100	8349.09	100	1677.51	5.5451	30.3216	54.4447	6.67687	3.69245	0	
475230	7.9	0	2088.78	801.25	1	1	9131.36	100	8344.94	100	1686.33	5.51861	30.3023	54.3082	7.00715	3.68395	0	
561630	7.88431	0	1946.38	801.25	1	1	9125.95	100	8340.78	100	1734.04	5.3899	30.3907	54.5397	6.92937	3.63937	0	
648030	7.8	0	2460.6	801.25	1	1	9114.29	100	8335.99	100	1681.78	5.52201	30.4226	55.0149	6.70146	3.68699	0	
734430	7.8	0	2073.28	801.25	1	1	9101.74	100	8331.56	100	1690.95	5.49203	30.396	54.8294	6.69424	3.67737	0	
820830	7.8	0	2108.88	801.25	1	1	9107.06	100	8327.23	100	1671.92	5.54312	30.2538	54.1726	6.79632	3.69642	0	
907230	7.8	0	1215.16	801.25	1	1	9084.43	100	8323.11	100	1814.03	5.16114	30.216	54.8537	7.15437	3.56207	0	
993630	7.74056	0	2159.67	801.25	1	1	9098.2	100	8318.28	100	1700.66	5.46228	30.5274	54.6895	6.85965	3.6696	0	
1.08003e+06	7.7	0	1643.46	801.25	1	1	9091.62	100	8314.27	100	1699.5	5.46188	30.348	54.262	6.81562	3.67034	0	
1.16643e+06	7.7	0	2085.15	801.25	1	1	9102.46	100	8309.8	100	1735.42	5.37064	30.6765	54.6403	6.73972	3.63895	0	
1.25283e+06	7.7	0	2538.7	801.25	1	1	9090.86	100	8305.21	100	1658.51	5.56725	30.224	54.5081	6.52014	3.70961	0	
1.33923e+06	7.69681	0	1998.98	801.25	1	1	9075.97	100	8300.93	100	1717.63	5.40545	30.5718	54.9296	6.60847	3.65315	0	
1.42563e+06	7.6	0	2286.67	801.25	1	1	9060.54	100	8295.75	100	1685.21	5.48329	30.4496	53.9517	6.52049	3.6818	0	
1.51203e+06	7.6	0	3069.02	801.25	1	1	9068.31	100	8291.52	100	1665.38	5.53727	30.3102	54.9441	6.28646	3.70191	0	
1.59843e+06	7.6	0	2573.75	801.25	1	1	9056.79	100	8286.89	100	1669.02	5.52227	30.6126	53.9549	6.29306	3.69745	0	
1.68483e+06	7.6	0	2465.23	801.25	1	1	9085.14	100	8282.48	100	1690	5.47745	29.8336	54.2992	6.48243	3.68261	0	
1.77123e+06	7.55306	0	3419.54	801.25	1	1	9074.56	100	8278.16	100	1656.37	5.5607	30.0371	54.7852	6.0525	3.6678	0	
1.85763e+06	7.5	0	3290.42	801.25	1	1	9056.82	100	8273.67	100	1651.64	5.56496	30.4868	54.3863	5.97597	3.62488	0	
1.94403e+06	7.5	0	3124.84	801.25	1	1	9057.33	100	8269.3	100	1668.2	5.52089	29.8697	54.7166	6.18069	3.61179	0	
2.03043e+06	7.5	0	3038.38	801.25	1	1	9051.62	100	8265.08	100	1639.49	5.5928	29.8955	54.2042	6.06437	3.63537	0	
2.11683e+06	7.5	0	2708.55	801.25	1	1	9059.19	100	8260.87	100	1691.57	5.45858	30.0793	53.9369	6.19139	3.59375	0	
2.20323e+06	7.40931	0	3198.94	801.25	1	1	9049.28	100	8256.37	100	1642.42	5.58234	30.3128	54.4417	5.97542	3.6338	0	
2.28963e+06	7.4	0	3511.87	801.25	1	1	9041.6	100	8252.09	100	1661.22	5.52911	30.0755	54.3962	5.7666	3.61779	0	
2.37603e+06	7.4	0	2389.59	801.25	1	1	9007.19	100	8247.15	100	1699.2	5.41558	29.7722	54.2152	6.38264	3.58264	0	
2.46243e+06	7.4	0	3546.94	801.25	1	1	9023.39	100	8242.53	100	1648.41	5.55329	30.3385	54.0149	5.76042	3.62088	0	
2.54883e+06	7.36556	0	3809.22	801.25	1	1	9037.68	100	8238.5	100	1625.27	5.61882	30.0995	54.3575	5.55604	3.64239	0	
2.63523e+06	7.3	0	3292.68	801.25	1	1	9031.2	100	8234.69	100	1657.86	5.53	30.0214	54.5208	5.81771	3.61168	0	
2.72163e+06	7.3	0	2742.77	801.25	1	1	9006.89	100	8230.2	100	1671.57	5.48355	30.194	54.4088	6.04639	3.59602	0	
2.80803e+06	7.3	0	2264.23	801.25	1	1	8985.93	100	8225.37	100	1734.96	5.30984	29.9611	54.3285	6.37326	3.53484	0	
2.89443e+06	7.3	0	2048.18	801.25	1	1	8981.39	100	8220.52	100	1692.08	5.41839	30.7178	54.8582	6.24563	3.57452	0	
2.98083e+06	7.22181	0	1460.92	801.25	1	1	8992.55	100	8215.86	100	1762.82	5.23788	29.8594	53.7953	6.54278	3.51087	0	
3.06723e+06	7.2	0	2380.2	801.25	1	1	8978.29	100	8211.74	100	1668.09	5.47741	30.4087	54.733	6.05826	3.59759	0	
3.15363e+06	7.2	0	2828.04	801.25	1	1	8995.45	100	8207.66	100	1658.45	5.50847	30.1352	53.9126	5.9266	3.60965	0	
3.24003e+06	7.2	0	3065.64	801.25	1	1	8970.25	100	8203.46	100	1663.8	5.48344	30.1424	54.942	5.7084	3.60168	0	
3.32643e+06	7.17806	0	2042.43	801.25	1	1	8958.82	100	8198.66	100	1685.07	5.42294	30.4635	53.6281	6.19194	3.58092	0	
3.41283e+06	7.1	0	1960.23	801.25	1	1	8949.49	100	8194.16	100	1725.36	5.3142	30.8028	53.7747	6.1134	3.54289	0	
3.49923e+06	7.1	0	2086.55	801.25	1	1	8972.65	100	8189.37	100	1717.51	5.34224	30.4703	54.7376	6.23375	3.55385	0	
3.58563e+06	7.1	0	2061.81	801.25	1	1	8950.92	100	8184.95	100	1692.67	5.39733	30.2328	54.5701	6.06736	3.57452	0	
3.67203e+06	7.1	0	2306.32	801.25	1	1	8952.88	100	8180.53	100	1683.17	5.42171	30.2669	54.7026	5.9741	3.58426	0	
3.75843e+06	7.03431	0	2819.48	801.25	1	1	8966.68	100	8176.12	100	1671.36	5.45682	30.1181	54.8025	5.76007	3.59785	0	
3.84483e+06	7	0	3163.35	801.25	1	1	8951.35	100	8171.54	100	1660.77	5.47719	30.3385	54.0896	5.60764	3.60612	0	
3.93123e+06	7	0	2849.49	801.25	1	1	8930.2	100	8167.08	100	1661.03	5.46705	30.4923	54.0498	5.62368	3.60345	0	
4.01763e+06	7	0	3505.8	801.25	1	1	8946.12	100	8163.1	100	1629.87	5.55322	29.8459	54.6747	5.41708	3.63541	0	
4.10403e+06	6.99056	0	3126.35	801.25	1	1	8942.72	100	8158.92	100	1678.91	5.424	30.1485	54.864	5.56882	3.58986	0	
4.19043e+06	6.9	0	3112.25	801.25	1	1	8933.2	100	8153.95	100	1659.69	5.46895	30.5306	54.8531	5.48965	3.60701	0	
4.27683e+06	6.9	0	3199.03	801.25	1	1	8939.35	100	8149.47	100	1660.32	5.4689	29.8605	54.7874	5.47937	3.60794	0	
4.36323e+06	6.9	0	2509.19	801.25	1	1	8919.48	100	8145.06	100	1687.02	5.39103	30.2104	54.8654	5.81083	3.58082	0	
4.44963e+06	6.9	0	2420	801.25	1	1	8925.44	100	8140.63	100	1683.51	5.40152	29.9989	54.7672	5.76458	3.58553	0	
4.53603e+06	6.84681	0	2170.1	801.25	1	1	8919.21	100	8136.21	100	1692.91	5.37385	30.6482	54.8733	5.79313	3.57651	0	
4.62243e+06	6.8	0	2285.49	801.25	1	1	8918.21	100	8131.75	100	1691.48	5.37616	30.0941	54.8918	5.75389	3.57832	0	
4.70883e+06	6.8	0	2560.15	801.25	1	1	8900.03	100	8127.33	100	1674.91	5.41081	30.3136	54.7331	5.61771	3.59177	0	
4.79523e+06	6.8	0	2476.73	801.25	1	1	8905.35	100	8122.74	100	1671.63	5.42043	30.3185	53.8717	5.47889	3.59622	0	
4.88163e+06	6.8	0	1872.35	801.25	1	1	8893.29	100	8118.37	100	1740.32	5.2378	30.106	54.7453	6.05451	3.53125	0	
4.96803e+06	6.70306	0	1893.41	801.25	1	1	8894.63	100	8114.03	100	1705.69	5.32657	30.3651	54.9244	5.75812	3.56419	0	
5.05443e+06	6.7	0	1604.88	801.25	1	1	8863.19	100	8109.52	100	1728.99	5.25386	30.4617	54.6162	5.91597	3.53889	0	
5.14083e+06	6.7	0	1455.61	801.25	1	1	8889.99	100	8105.13	100	1756.34	5.19245	29.7297	54.8165	5.98917	3.51753	0	
5.22723e+06	6.7	0	1391.91	801.25	1	1	8885.47	100	8100.65	100	1732.39	5.25139	29.6522	53.6607	6.00924	3.53986	0	
5.31363e+06	6.65931	0	1072.12	801.25	1	1	8862.94	100	8096.65	100	1755.13	5.18373	30.5604	53.8051	5.9484	3.51633	0	
5.40003e+06	6.6	0	1984.65	801.25	1	1	8858.2	100	8092.11	100	1714.15	5.28594	30.3168	54.7444	5.61917	3.55441	0	
5.48643e+06	6.6	0	2760.09	801.25	1	1	8873.77	100	8087.44	100	1663.07	5.4223	30.3531	54.6926	5.345	3.60471	0	
5.57283e+06	6.6	0	3114.06	801.25	1	1	8864.14	100	8083.14	100	1675.7	5.38509	30.2884	54.9217	5.26792	3.54906	0	
5.65923e+06	6.6	0	2249.09	801.25	1	1	8857.2	100	8078.29	100	1687.86	5.35021	30.1952	54.1291	5.49604	3.49369	0	
5.74563e+06	6.51556	0	1726.39	801.25	1	1	8835.78	100	8073.95	100	1713.99	5.27403	30.4958	53.9178	5.74458	3.47	0	
5.83203e+06	6.5	0	1975.09	801.25	1	1	8831.96	100	8069.94	100	1684.61	5.34672	30.1668	54.192	5.43722	3.49431	0	
5.91843e+06	6.5	0	1534.48	801.25	1	1	8829.69	100	8065.38	100	1769.49	5.1278	30.4327	54.3787	5.77986	3.42458	0	
6.00483e+06	6.5	0	1814.3	801.25	1	1	8797.95	100	8060.65	100	1701.35	5.28891	30.3303	54.6257	5.54764	3.4774	0	
6.09123e+06	6.47181	0	1471.05	801.25	1	1	8807.39	100	8056.15	100	1783.79	5.08148	30.0892	54.3816	5.86931	3.4112	0	
6.17763e+06	6.4	0	1583.4	801.25	1	1	8833.69	100	8052.12	100	1694.56	5.31812	30.6703	54.5797	5.60375	3.48848	0	
6.26403e+06	6.4	0	1654.11	801.25	1	1	8809.17	100	8047.85	100	1768.52	5.11903	30.3854	54.4509	5.62153	3.42492	0	
6.35043e+06	6.4	0	1624.88	801.25	1	1	8813.87	100	8042.96	100	1727.52	5.22434	30.4022	54.9385	5.60472	3.45982	0	
6.43683e+06	6.4	0	1534.18	801.25	1	1	8815.55	100	8038.56	100	1737.09	5.19959	30.2709	54.253	5.6809	3.43413	0	
6.52323e+06	6.32806	0	1239.43	801.25	1	1	8806.28	100	8034.35	100	1768.54	5.11477	30.6868	53.4949	5.72639	3.40435	0	
6.60963e+06	6.3	0	2317.98	801.25	1	1	8808.96	100	8030.01	100	1701.56	5.28582	30.0195	54.5297	5.17063	3.46759	0	
6.69603e+06	6.3	0	2615.12	801.25	1	1	8776.35	100	8024.97	100	1662.7	5.37105	30.579	53.7721	5.01361	3.49962	0	
6.78243e+06	6.3	0	2629.29	801.25	1	1	8787.84	100	8020.71	100	1676.74	5.33893	30.6144	54.5767	5.13778	3.48891	0	
6.86883e+06	6.28431	0	2566.16	801.25	1	1	8795.84	100	8016.37	100	1677.16	5.34011	30.0183	55.032	5.08569	3.49029	0	
6.95523e+06	6.2	0	2521.17	801.25	1	1	8791.93	100	8012.02	100	1670.3	5.35511	30.3792	54.6048	5.07812	3.49675	0	
7.04163e+06	6.2	0	2088.75	801.25	1	1	8756.68	100	8007.71	100	1710.28	5.23881	30.7318	54.529	5.23062	3.4552	0	
7.12803e+06	6.2	0	1750.94	801.25	1	1	8779.82	100	8003.38	100	1696.07	5.28286	30.1965	54.5689	5.40187	3.47221	0	
7.21443e+06	6.2	0	1737.79	801.25	1	1	8772.86	100	7999.09	100	1749.71	5.14267	30.2721	54.7589	5.31903	3.42195	0	
7.30083e+06	6.14056	0	1178	801.25	1	1	8763.09	100	7994.12	100	1726.87	5.19616	29.8282	54.1326	5.42306	3.44242	0	
7.38723e+06	6.1	0	687.488	801.25	1	1	8718.97	100	7989.98	100	1979.6	4.54138	31.7465	54.6995	5.76625	3.204	0	
7.47363e+06	6.1	0	1701.1	801.25	1	1	8736.47	100	7985.25	100	1743.41	5.1423	29.9634	54.7062	5.37938	3.42475	0	
7.56003e+06	6.1	0	2062.47	801.25	1	1	8732.6	100	7980.84	100	1676.45	5.30937	30.1566	54.8178	4.945	3.48679	0	
7.64643e+06	6.09681	0	1488.64	801.25	1	1	8729.62	100	7976.33	100	1770.76	5.0686	30.5481	54.5282	5.46917	3.39962	0	
7.73283e+06	6	0	1501.24	801.25	1	1	8733.9	100	7971.81	100	1736.7	5.15539	30.2135	53.9843	5.24139	3.4323	0	
7.81923e+06	6	0	1369.43	801.25	1	1	8734.5	100	7967.51	100	1800.35	4.99326	29.5399	53.6925	5.53375	3.37387	0	
7.90563e+06	6	0	1298.3	801.25	1	1	8718.66	100	7963.48	100	1864.55	4.82471	30.9034	54.4298	5.51688	3.31286	0	
7.99203e+06	6	0	1560.39	801.25	1	1	8700.43	100	7958.87	100	1721.73	5.17788	30.7807	54.5674	5.24437	3.44335	0	
8.07843e+06	5.95306	0	2206.27	801.25	1	1	8716.34	100	7954.41	100	1685.16	5.27521	30.3135	54.3631	4.75187	3.48012	0	
8.16483e+06	5.9	0	1639.69	801.25	1	1	8734.42	100	7949.67	100	1729.46	5.16885	30.0728	54.6212	5.0891	3.44211	0	
8.25123e+06	5.9	0	1968.38	801.25	1	1	8729.99	100	7945.26	100	1706.91	5.22339	30.3657	54.7719	4.96687	3.46314	0	
8.33763e+06	5.9	0	1035.22	801.25	1	1	8654.43	100	7940.87	100	1937.26	4.61731	32.8675	54.7327	5.56687	3.24122	0	
8.42403e+06	5.9	0	1101.95	801.25	1	1	8721.01	100	7936.48	100	1830.23	4.90542	29.7508	54.0682	5.45125	3.34819	0	
8.51043e+06	5.80931	0	1330.39	801.25	1	1	8717	100	7932.34	100	1747.92	5.1118	29.3093	53.9619	5.09944	3.42475	0	
8.59683e+06	5.8	0	1493.27	801.25	1	1	8708.12	100	7928.01	100	1759.65	5.07782	30.5771	54.5281	5.11347	3.41327	0	
8.68323e+06	5.8	0	2174.69	801.25	1	1	8695.03	100	7923.36	100	1686.39	5.25708	30.0197	54.5668	4.60125	3.48024	0	
8.76963e+06	5.8	0	1708.77	801.25	1	1	8702.34	100	7918.73	100	1727.78	5.15429	30.1357	53.9119	5.09938	3.44334	0	
8.85603e+06	5.76556	0	1152.36	801.25	1	1	8696.4	100	7914.58	100	1832.51	4.88642	31.7801	54.4759	5.20083	3.34549	0	
8.94243e+06	5.7	0	1352.71	801.25	1	1	8659.98	100	7909.78	100	1727.71	5.13667	30.4445	54.7044	4.91924	3.43881	0	
9.02883e+06	5.7	0	1314.58	801.25	1	1	8692.53	100	7905.38	100	1823.5	4.90562	29.145	53.8097	5.27118	3.35455	0	
9.11523e+06	5.7	0	1800.84	801.25	1	1	8663.15	100	7901.54	100	1687.6	5.23678	30.581	54.3446	4.65187	3.47765	0	
9.20163e+06	5.7	0	1824.54	801.25	1	1	8665.24	100	7896.73	100	1773.9	5.01934	29.5033	53.7351	4.95187	3.39842	0	
9.28803e+06	5.62181	0	1511.56	801.25	1	1	8646.16	100	7892.02	100	1877.91	4.75067	30.8095	53.8909	5.27813	3.3	0	
9.37443e+06	5.6	0	1547.23	801.25	1	1	8653.02	100	7888.1	100	1738.89	5.10104	30.1876	54.4357	4.83556	3.40547	0	
9.46083e+06	5.6	0	1613.19	801.25	1	1	8669.41	100	7883.43	100	1754.25	5.06735	31.5725	54.493	4.83465	3.33902	0	
9.54723e+06	5.6	0	2009.96	801.25	1	1	8627.97	100	7878.7	100	1716.24	5.14652	30.2125	54.4599	4.72813	3.36593	0	
9.63363e+06	5.57806	0	2056.7	801.25	1	1	8640.93	100	7874.29	100	1682.52	5.23512	30.5492	54.7645	4.47097	3.39588	0	
9.72003e+06	5.5	0	1722.62	801.25	1	1	8608.81	100	7869.93	100	1735.19	5.09005	29.4629	53.8182	4.88715	3.34906	0	
9.80643e+06	5.5	0	1515.62	801.25	1	1	8640.52	100	7865.55	100	1826.3	4.87169	28.4643	52.901	4.91813	3.27813	0	
9.89283e+06	5.5	0	861.905	801.25	1	1	0	100	7860.96	100	2525.48	3.11266	28.6995	54.7001	5.3875	2.7	0	
9.97923e+06	5.5	0	784.648	801.25	1	1	8576.68	100	7856.35	100	1814.19	4.87884	29.2893	53.7903	4.97812	3.28214	0	
1.00656e+07	5.43431	0	1039.61	801.25	1	1	8592.91	100	7852.05	100	1949.33	4.54611	32.7469	54.3712	5.11903	3.17324	0	
1.0152e+07	5.4	0	1243.56	801.25	1	1	8586.56	100	7847.76	100	1912.23	4.63573	32.4992	53.5616	5.08556	3.2035	0	
1.02384e+07	5.4	0	171	801.25	1	1	0	100	7843.51	100	2525.4	3.10586	32.4292	52.8581	5.28583	2.7	0	
1.03248e+07	5.4	0	476.029	801.25	1	1	0	100	7839.01	100	2525.38	3.1041	31.0819	53.2549	5.28187	2.62381	0	
1.04112e+07	5.39056	0	600.856	801.25	1	1	8558.54	100	7834.58	100	1899.17	4.65658	30.4725	53.207	5.03687	3.17692	0	
1.04976e+07	5.3	0	748.416	801.25	1	1	8596.51	100	7830.31	100	1910.83	4.63732	30.0754	54.5686	4.87285	3.17062	0	
1.0584e+07	5.3	0	1320.39	801.25	1	1	8572.5	100	7825.61	100	1725.21	5.09149	30.7796	54.8233	4.5809	3.34032	0	
1.06704e+07	5.3	0	1622.93	801.25	1	1	8579.02	100	7821.37	100	1702.96	5.14833	29.789	53.346	4.48764	3.36254	0	
1.07568e+07	5.3	0	1756.38	801.25	1	1	8586.04	100	7817.18	100	1731.45	5.07888	29.9544	54.0503	4.41667	3.33767	0	
1.08432e+07	5.24681	0	1172.7	801.25	1	1	8583.99	100	7812.48	100	1781.42	4.95228	30.991	54.1239	4.64583	3.29151	0	
1.09296e+07	5.2	0	1102.21	801.25	1	1	8548.91	100	7807.97	100	1911.82	4.61542	30.3978	53.0732	4.86132	3.16688	0	
1.1016e+07	5.2	0	793.742	801.25	1	1	8587.9	100	7803.69	100	1958.92	4.50754	31.2783	52.8824	4.88507	3.12759	0	
1.11024e+07	5.2	0	668.74	801.25	1	1	8557.18	100	7799.17	100	2014.31	4.36022	32.2784	53.9119	4.87312	3.07368	0	
1.11888e+07	5.2	0	138.182	801.25	1	1	0	100	7794.39	100	2525.15	3.08669	33.1981	54.6915	5.08562	2.6	0	
1.12752e+07	5.10306	0	284.442	801.25	1	1	0	100	7789.95	100	2525.13	3.08499	30.2678	54.7076	4.99292	2.6	0	
1.13616e+07	5.1	0	427.082	801.25	1	1	8529.92	100	7785.54	100	1932.04	4.55387	31.8734	53.6111	4.82014	3.14844	0	
1.1448e+07	5.1	0	1180.93	801.25	1	1	8501.49	100	7781.5	100	1942.38	4.51945	31.3461	52.8403	4.77111	3.13642	0	
1.15344e+07	5.1	0	418.997	801.25	1	1	8563.47	100	7776.96	100	2213.48	3.85781	28.5306	52.864	4.90479	2.89062	0	
1.16208e+07	5.05931	0	556.462	801.25	1	1	8541.37	100	7772.5	100	2062.96	4.22782	30.6676	54.6599	4.78333	3.02923	0	
1.17072e+07	5	0	819.6	801.25	1	1	8543.05	100	7767.81	100	1918.44	4.58659	32.4122	53.6431	4.70556	3.16418	0	
1.17936e+07	5	0	476.301	801.25	1	1	0	100	7763.73	100	2525	3.07475	30.4381	52.8135	4.88806	2.6	0	
1.188e+07	5	0	382.848	801.25	1	1	8544.82	100	7759.2	100	2509.67	3.11113	28.7783	52.6479	4.88562	2.61429	0	
1.19664e+07	5	0	521.059	801.25	1	1	8461.38	100	7754.78	100	1836.2	4.76175	29.9321	54.3606	4.46125	3.23264	0	
1.20528e+07	4.91556	0	665.717	801.25	1	1	8537.8	100	7750	100	2110.05	4.10287	29.788	54.789	4.69681	2.98692	0	
1.21392e+07	4.9	0	725.934	801.25	1	1	8466.88	100	7745.55	100	1789.76	4.87546	29.8733	53.9685	4.40076	3.27703	0	
1.22256e+07	4.9	0	548.164	801.25	1	1	8454.77	100	7741.32	100	1998.4	4.35822	32.1612	54.1697	4.58944	3.08414	0	
1.2312e+07	4.9	0	237.317	801.25	1	1	0	100	7736.72	100	2524.87	3.0642	33.1036	54.6785	4.78986	2.6	0	
1.23984e+07	4.87181	0	387.406	801.25	1	1	0	100	7732.28	100	2524.85	3.06249	28.0004	54.6296	4.76104	2.6	0	
1.24848e+07	4.8	0	467.032	801.25	1	1	8479.15	100	7727.64	100	1979.36	4.40741	32.1358	53.7494	4.50569	3.10504	0	
1.25712e+07	4.8	0	975.499	801.25	1	1	8453.4	100	7723.5	100	1892.94	4.61208	31.5544	53.5822	4.49903	3.18273	0	
1.26576e+07	4.8	0	383.833	801.25	1	1	0	100	7719.45	100	2524.79	3.05747	29.527	54.5224	4.66639	2.6	0	
1.2744e+07	4.8	0	46	801.25	1	1	0	100	7714.52	100	2524.76	3.05552	28.1967	54.6783	4.68806	2.6	0	
1.28304e+07	4.72806	0	142.5	801.25	1	1	0	100	7710.06	100	2524.74	3.0538	26.8108	54.6588	4.62215	2.6	0	
1.29168e+07	4.7	0	0	801.25	1	1	0	100	7705.64	100	2524.72	3.05209	25.8091	54.6569	4.58806	2.6	0	
1.30032e+07	4.7	0	440.982	801.25	1	1	8400.56	100	7701.21	100	1915.74	4.53522	31.3836	53.6737	4.40542	3.15839	0	
1.30896e+07	4.7	0	828.091	801.25	1	1	8483.74	100	7697.04	100	2045.88	4.23506	31.5858	52.8003	4.43556	3.0464	0	
1.3176e+07	4.68431	0	0	801.25	1	1	0	100	7692.56	100	2524.65	3.04696	31.9826	53.1937	4.57	2.6	0	
1.32624e+07	4.6	0	331.917	801.25	1	1	0	100	7688	100	2524.63	3.04521	31.023	53.7653	4.48368	2.6	0	
1.33488e+07	4.6	0	378.414	801.25	1	1	8467.29	100	7683.46	100	2202.81	3.83911	27.15	54.5731	4.41486	2.86667	0	
1.34352e+07	4.6	0	714.248	801.25	1	1	8458.58	100	7679.03	100	1934.6	4.49903	29.7091	53.6481	4.30833	3.08824	0	
1.35216e+07	4.6	0	444.049	801.25	1	1	8404.96	100	7674.91	100	1971.85	4.39202	31.5409	53.1087	4.29118	3.05315	0	
1.3608e+07	4.54056	0	809.144	801.25	1	1	8441.2	100	7670.48	100	1948.63	4.45732	31.3091	53.1895	4.2109	3.07582	0	
1.36944e+07	4.5	0	425.958	801.25	1	1	8449.28	100	7665.95	100	2030.9	4.25493	27.9215	53.1665	4.2266	3.00902	0	
1.37808e+07	4.5	0	0	801.25	1	1	0	100	7661.37	100	2524.5	3.03482	30.6572	53.766	4.37903	2.6	0	
1.38672e+07	4.5	0	0	801.25	1	1	0	100	7656.84	100	2524.47	3.03303	29.7115	54.6447	4.38625	2.6	0	
1.39536e+07	4.49681	0	0	801.25	1	1	0	100	7652.37	100	2524.45	3.03129	28.7635	54.7427	4.38486	2.6	0	
1.404e+07	4.4	0	127.831	801.25	1	1	0	100	7647.93	100	2524.43	3.02959	27.6954	54.7299	4.29236	2.6	0	
1.41264e+07	4.4	0	348.413	801.25	1	1	8398.99	100	7643.51	100	1943.22	4.45184	32.1872	53.761	4.12146	3.07879	0	
1.42128e+07	4.4	0	457.921	801.25	1	1	8362.86	100	7639.32	100	2009.94	4.27842	31.6879	53.9329	4.08363	3.00867	0	
1.42992e+07	4.4	0	1206.35	801.25	1	1	8386.27	100	7634.64	100	1912.01	4.52227	32.4572	53.8283	4.08272	3.06712	0	
1.43856e+07	4.35306	0	277.738	801.25	1	1	0	100	7630.44	100	2524.34	3.02274	32.5721	53.2234	4.23972	2.5	0	
1.4472e+07	4.3	0	569.731	801.25	1	1	8407.26	100	7625.87	100	2186.8	3.85035	27.4039	53.5952	4.09893	2.81456	0	
1.45584e+07	4.3	0	173.667	801.25	1	1	0	100	7621.34	100	2524.3	3.01919	27.9765	54.4522	4.18889	2.5	0	
1.46448e+07	4.3	0	317.277	801.25	1	1	8385.35	100	7616.89	100	1944.54	4.43762	32.1974	53.7321	4.01689	3.03864	0	
1.47312e+07	4.3	0	636.061	801.25	1	1	8396.28	100	7612.7	100	2020.1	4.25386	30.2919	53.0646	4.01303	2.96985	0	
1.48176e+07	4.20931	0	94.7861	801.25	1	1	0	100	7608.12	100	2524.24	3.01403	26.8749	53.5405	4.09299	2.5	0	
1.4904e+07	4.2	0	262.618	801.25	1	1	8366.21	100	7603.61	100	1988.46	4.3215	33.211	54.4157	3.90346	2.9972	0	
1.49904e+07	4.2	0	337.652	801.25	1	1	0	100	7599.11	100	2524.19	3.01051	31.5481	54.5892	4.09062	2.5	0	
1.50768e+07	4.2	0	393.206	801.25	1	1	8375.01	100	7594.68	100	2065.81	4.13142	27.2731	54.6777	3.95467	2.92712	0	
1.51632e+07	4.16556	0	274.519	801.25	1	1	0	100	7590.23	100	2524.15	3.00705	29.9165	54.5917	4.0541	2.5	0	
1.52496e+07	4.1	0	465.612	801.25	1	1	8313.06	100	7585.83	100	1933.96	4.43525	32.0505	53.7672	3.81899	3.04403	0	
1.5336e+07	4.1	0	1128.01	801.25	1	1	8304.64	100	7581.68	100	1946.78	4.40072	32.6381	52.9519	3.77703	3.03182	0	
1.54224e+07	4.1	0	0	801.25	1	1	0	100	7577.19	100	2524.08	3.00196	32.8689	53.0949	3.98715	2.5	0	
1.55088e+07	4.1	0	0	801.25	1	1	0	100	7572.62	100	2524.06	3.00016	31.9245	53.4981	3.98014	2.5	0	
1.55952e+07	4.02181	0	0	801.25	1	1	0	100	7568.1	100	2524.04	2.99841	30.9752	54.3944	3.90896	2.5	0	
1.56816e+07	4	0	171	801.25	1	1	0	100	7563.6	100	2524.01	2.99666	29.7731	54.6366	3.89062	2.5	0	
1.5768e+07	4	0	247.854	801.25	1	1	0	100	7559.15	100	2523.99	2.99491	28.6666	54.6911	3.89062	2.5	0	
1.58544e+07	4	0	861.91	801.25	1	1	8302.77	100	7554.74	100	1917.96	4.46278	31.5285	53.6435	3.70726	3.06087	0	
1.59408e+07	3.97806	0	224.194	801.25	1	1	0	100	7550.61	100	2523.95	2.99157	30.0338	52.7142	3.86479	2.5	0	
1.60272e+07	3.9	0	0	801.25	1	1	0	100	7546.1	100	2523.93	2.98983	28.9677	53.1167	3.78368	2.5	0	
1.61136e+07	3.9	0	0	801.25	1	1	0	100	7541.5	100	2523.91	2.98802	28.0232	53.8412	3.78194	2.5	0	
1.62e+07	3.9	0	0	801.25	1	1	0	100	7536.97	100	2523.88	2.98628	27.074	54.6108	3.79062	2.5	0	
1.62864e+07	3.9	0	114	801.25	1	1	0	100	7532.53	100	2523.86	2.98451	25.9625	54.6131	3.79062	2.5	0	
1.63728e+07	3.83431	0	0	801.25	1	1	0	100	7528.09	100	2523.84	2.98279	24.9848	54.6067	3.72653	2.5	0	
1.64592e+07	3.8	0	39.0055	801.25	1	1	8255.08	100	7523.7	100	1909.87	4.46045	33.4125	53.6751	3.49986	3.06643	0	
1.65456e+07	3.8	0	158.1	801.25	1	1	0	100	7519.52	100	2523.8	2.97945	33.5228	52.7997	3.68715	2.5	0	
1.6632e+07	3.8	0	114.267	801.25	1	1	0	100	7514.93	100	2523.78	2.97763	32.033	53.2604	3.67847	2.5	0	
1.67184e+07	3.79056	0	0	801.25	1	1	0	100	7510.38	100	2523.75	2.97589	30.8406	54.5416	3.67875	2.5	0	
1.68048e+07	3.7	0	0	801.25	1	1	0	100	7505.89	100	2523.73	2.97411	29.8931	54.6797	3.59271	2.5	0	
1.68912e+07	3.7	0	0	801.25	1	1	0	100	7501.46	100	2523.71	2.9724	28.9469	54.6291	3.59062	2.5	0	
1.69776e+07	3.7	0	242.05	801.25	1	1	0	100	7497.02	100	2523.69	2.97067	27.9868	54.6514	3.58889	2.5	0	
1.7064e+07	3.7	0	549.279	801.25	1	1	8210.62	100	7492.6	100	1911.54	4.43547	30.7185	53.6273	3.40612	3.00072	0	
1.71504e+07	3.64681	0	589.81	801.25	1	1	8267.71	100	7488.5	100	2033.27	4.15564	30.1664	52.9188	3.37568	2.90597	0	
1.72368e+07	3.6	0	712.077	801.25	1	1	8197.52	100	7483.96	100	1955.98	4.32305	32.7345	52.9264	3.29259	2.964	0	
1.73232e+07	3.6	0	888.467	801.25	1	1	8257.98	100	7479.45	100	2195.57	3.75784	29.6276	53.5349	3.38944	2.77156	0	
1.74096e+07	3.6	0	561.2	801.25	1	1	0	100	7474.84	100	2523.58	2.962	26.2981	54.6801	3.48889	2.5	0	
1.7496e+07	3.6	0	304.333	801.25	1	1	8218.28	100	7470.41	100	1923.62	4.40261	32.9056	53.7797	3.30265	2.99362	0	
1.75824e+07	3.50306	0	0	801.25	1	1	0	100	7466.21	100	2523.53	2.95865	33.3987	53.1127	3.39139	2.5	0	
1.76688e+07	3.5	0	0	801.25	1	1	0	100	7461.63	100	2523.51	2.95683	32.4519	53.8339	3.3825	2.5	0	
1.77552e+07	3.5	0	219.545	801.25	1	1	0	100	7457.09	100	2523.49	2.95509	31.4924	54.6412	3.38889	2.5	0	
1.78416e+07	3.5	0	722.883	801.25	1	1	0	100	7452.64	100	2523.47	2.95331	26.9306	54.6955	3.38889	2.5	0	
1.7928e+07	3.45931	0	206.869	801.25	1	1	8222.73	100	7448.2	100	2047.96	4.09778	25.6568	54.6601	3.21305	2.89355	0	
1.80144e+07	3.4	0	403.401	801.25	1	1	7973.24	100	7443.8	100	2222.64	3.64167	32.8374	54.7063	3.23072	2.73736	0	
1.81008e+07	3.4	0	0	801.25	1	1	0	100	7439.33	100	2523.4	2.94811	31.6426	54.6631	3.29133	2.5	0	
1.81872e+07	3.4	0	312.62	801.25	1	1	0	100	7434.89	100	2523.38	2.9464	30.6803	54.7085	3.29044	2.4	0	
1.82736e+07	3.4	0	722.617	801.25	1	1	8137.26	100	7430.46	100	1920.29	4.37711	32.9023	53.797	3.10054	2.95385	0	
1.836e+07	3.31556	0	114.253	801.25	1	1	0	100	7426.26	100	2523.34	2.94303	33.0421	53.2504	3.20365	2.4	0	
1.84464e+07	3.3	0	91	801.25	1	1	0	100	7421.68	100	2523.31	2.94123	32.0153	53.8454	3.18379	2.4	0	
1.85328e+07	3.3	0	202.983	801.25	1	1	0	100	7417.15	100	2523.29	2.93949	30.5615	54.5732	3.19133	2.4	0	
1.86192e+07	3.3	0	772.802	801.25	1	1	8109.34	100	7412.73	100	1916.39	4.37377	32.9585	53.619	3.19959	2.95625	0	
1.87056e+07	3.27181	0	228	801.25	1	1	0	100	7408.52	100	2523.25	2.93609	33.0941	53.0053	3.1586	2.4	0	
1.8792e+07	3.2	0	0	801.25	1	1	0	100	7403.93	100	2523.23	2.93432	32.0545	53.6175	3.08308	2.4	0	
1.88784e+07	3.2	0	0	801.25	1	1	0	100	7399.41	100	2523.2	2.93253	31.1085	54.6426	3.09053	2.4	0	
1.89648e+07	3.2	0	0	801.25	1	1	0	100	7394.94	100	2523.18	2.9308	30.1608	54.6993	3.09133	2.4	0	
1.90512e+07	3.2	0	0	801.25	1	1	0	100	7390.51	100	2523.16	2.92909	29.2155	54.6592	3.09044	2.4	0	
1.91376e+07	3.12806	0	0	801.25	1	1	0	100	7386.08	100	2523.14	2.92731	28.2671	54.6126	3.02205	2.4	0	
1.9224e+07	3.1	0	0	801.25	1	1	0	100	7381.63	100	2523.12	2.9256	27.3225	54.5831	2.99143	2.4	0	
1.93104e+07	3.1	0	0	801.25	1	1	0	100	7377.19	100	2523.09	2.92389	26.3734	54.7012	2.99222	2.4	0	
1.93968e+07	3.1	0	0	801.25	1	1	0	100	7372.76	100	2523.07	2.92211	25.429	54.624	2.99133	2.4	0	
1.94832e+07	3.08431	0	46	801.25	1	1	8139.78	100	7368.32	100	2508.4	2.95541	24.4803	54.57	2.97537	2.41364	0	
1.95696e+07	3	0	178.303	801.25	1	1	8139.68	100	7363.9	100	2059.21	4.02777	29.8063	54.7491	2.88947	2.83171	0	
1.9656e+07	3	0	136.749	801.25	1	1	0	100	7359.44	100	2523.01	2.91691	28.0157	54.6212	2.89143	2.4	0	
1.97424e+07	3	0	0	801.25	1	1	0	100	7355	100	2522.98	2.9152	26.9431	54.6795	2.89222	2.4	0	
1.98288e+07	3	0	0	801.25	1	1	0	100	7350.57	100	2522.96	2.91349	25.9959	54.6105	2.88974	2.4	0	
1.99152e+07	2.94056	0	137.171	801.25	1	1	8117.25	100	7346.13	100	2063.19	4.00774	25.749	54.6692	2.83177	2.82787	0	
2.00016e+07	2.9	0	460.124	801.25	1	1	0	100	7341.71	100	2522.92	2.91	28.1628	54.6648	2.79247	2.4	0	
2.0088e+07	2.9	0	0	801.25	1	1	0	100	7337.25	100	2522.9	2.90828	26.7897	54.6382	2.79165	2.4	0	
2.01744e+07	2.9	0	0	801.25	1	1	0	100	7332.8	100	2522.87	2.90651	25.8439	54.7019	2.79085	2.4	0	
2.02608e+07	2.89681	0	0	801.25	1	1	0	100	7328.36	100	2522.85	2.90479	24.8967	54.7002	2.78847	2.4	0	
2.03472e+07	2.8	0	0	801.25	1	1	0	100	7323.95	100	2522.83	2.90308	23.9502	54.681	2.69358	2.4	0	
2.04336e+07	2.8	0	114	801.25	1	1	8073.92	100	7319.54	100	1888.01	4.40592	33.1085	53.6259	2.70397	2.98846	0	
2.052e+07	2.8	0	0	801.25	1	1	0	100	7315.4	100	2522.79	2.89975	33.4844	52.753	2.69013	2.4	0	
2.06064e+07	2.8	0	304.65	801.25	1	1	0	100	7310.89	100	2522.77	2.89795	31.5427	52.875	2.68753	2.4	0	
2.06928e+07	2.75306	0	540.327	801.25	1	1	8065.04	100	7306.42	100	1954.85	4.24144	32.4246	52.93	2.63898	2.92697	0	
2.07792e+07	2.7	0	564.402	801.25	1	1	8071.15	100	7301.91	100	2304.31	3.41256	28.1033	53.0051	2.58048	2.58065	0	
2.08656e+07	2.7	0	433.31	801.25	1	1	8057.09	100	7297.43	100	1992.51	4.14782	30.4897	54.6918	2.58096	2.83733	0	
2.0952e+07	2.7	0	494.953	801.25	1	1	8004.91	100	7292.88	100	1918.65	4.30667	32.0752	53.6001	2.60435	2.89362	0	
2.10384e+07	2.7	0	519.614	801.25	1	1	0	100	7288.76	100	2522.66	2.88931	27.8851	52.7044	2.5893	2.4	0	
2.11248e+07	2.60931	0	121.667	801.25	1	1	8055.67	100	7284.27	100	2114.02	3.85571	29.8961	52.856	2.49715	2.73793	0	
2.12112e+07	2.6	0	0	801.25	1	1	0	100	7279.79	100	2522.61	2.88581	30.3919	53.2737	2.49042	2.4	0	
2.12976e+07	2.6	0	30.6667	801.25	1	1	0	100	7275.22	100	2522.59	2.88402	29.3787	53.6037	2.48453	2.4	0	
2.1384e+07	2.6	0	0	801.25	1	1	0	100	7270.72	100	2522.57	2.88226	28.4208	54.5374	2.48856	2.4	0	
2.14704e+07	2.56556	0	86.5311	801.25	1	1	0	100	7266.23	100	2522.55	2.88051	27.384	54.6511	2.4589	2.4	0	
2.15568e+07	2.5	0	146.764	801.25	1	1	8017.05	100	7261.84	100	1947.38	4.23402	32.884	53.6756	2.40551	2.87407	0	
2.16432e+07	2.5	0	144.333	801.25	1	1	0	100	7257.64	100	2522.5	2.87715	33.063	52.784	2.38878	2.4	0	
2.17296e+07	2.5	0	46	801.25	1	1	0	100	7253.14	100	2522.48	2.8754	31.9947	53.2559	2.38949	2.4	0	
2.1816e+07	2.5	0	0	801.25	1	1	0	100	7248.58	100	2522.46	2.87362	31.0453	53.6033	2.3819	2.4	0	
2.19024e+07	2.42181	0	284.671	801.25	1	1	0	100	7244.07	100	2522.44	2.87184	29.366	54.5509	2.31572	2.4	0	
2.19888e+07	2.4	0	826.22	801.25	1	1	7954.19	100	7239.65	100	1781.23	4.59832	30.6287	53.6124	2.29875	3.00617	0	
2.20752e+07	2.4	0	639.231	801.25	1	1	8005.22	100	7235.49	100	2073.44	3.92648	29.9156	52.716	2.28593	2.7424	0	
2.21616e+07	2.4	0	1052.11	801.25	1	1	7979.5	100	7231.13	100	1945.34	4.22026	29.2464	53.3375	2.28537	2.83438	0	
2.2248e+07	2.37806	0	612.271	801.25	1	1	7959.54	100	7226.6	100	1963.59	4.17095	31.5497	52.9133	2.25928	2.81592	0	
2.23344e+07	2.3	0	866.37	801.25	1	1	7985.03	100	7222.15	100	1962.36	4.17925	32.1091	53.0471	2.3	2.82013	0	
2.24208e+07	2.3	0	383.953	801.25	1	1	0	100	7217.66	100	2522.31	2.86154	31.364	53.1771	2.3	2.3	0	
2.25072e+07	2.3	0	953.328	801.25	1	1	7966.6	100	7212.98	100	1783.99	4.58965	29.301	53.5421	2.3	2.98472	0	
2.25936e+07	2.3	0	890.988	801.25	1	1	7951.18	100	7208.5	100	1899.88	4.3126	31.2924	53.9844	2.3	2.87578	0	
2.268e+07	2.23431	0	696.499	801.25	1	1	7942.35	100	7204.32	100	1946.57	4.19997	31.5281	53.3248	2.23037	2.83208	0	
2.27664e+07	2.2	0	482.694	801.25	1	1	7965.38	100	7199.78	100	2211.46	3.58335	27.446	53.5442	2.2	2.58899	0	
2.28528e+07	2.2	0	726.07	801.25	1	1	7941.68	100	7195.24	100	1921.96	4.25479	31.6043	53.8713	2.2	2.8557	0	
2.29392e+07	2.2	0	619.023	801.25	1	1	0	100	7190.92	100	2522.18	2.85107	27.2315	53.337	2.2	2.3	0	
2.30256e+07	2.19056	0	402.033	801.25	1	1	7880.13	100	7186.37	100	1941.01	4.19124	32.3478	53.6748	2.18952	2.83239	0	
2.3112e+07	2.1	0	705.335	801.25	1	1	7949.78	100	7182.06	100	2048.36	3.95741	30.032	53.2936	2.1	2.74056	0	
2.31984e+07	2.1	0	1038.47	801.25	1	1	7916.26	100	7177.5	100	1807.21	4.50989	29.8484	54.3818	2.1	2.96094	0	
2.32848e+07	2.1	0	561.718	801.25	1	1	7875.03	100	7173	100	1953.54	4.15731	30.3678	54.5215	2.1	2.82166	0	
2.33712e+07	2.1	0	166.03	801.25	1	1	7935.52	100	7168.6	100	2145.65	3.72266	28.7906	54.6502	2.1	2.65	0	
2.34576e+07	2.04681	0	302.293	801.25	1	1	0	100	7164.15	100	2522.04	2.84061	26.8177	54.6274	2.04792	2.3	0	
2.3544e+07	2	0	439.324	801.25	1	1	7870.28	100	7159.73	100	1933.08	4.19959	31.9697	53.6558	2	2.8413	0	
2.36304e+07	2	0	896.406	801.25	1	1	7903.88	100	7155.67	100	1848.12	4.40514	28.2813	53.2123	2	2.92432	0	
2.37168e+07	2	0	384.073	801.25	1	1	7838.18	100	7151.2	100	2250.26	3.45981	31.3779	54.6485	2	2.54857	0	
2.38032e+07	2	0	459.712	801.25	1	1	7910.35	100	7146.37	100	2205.86	3.57063	28.0338	54.6169	2	2.59388	0	
2.38896e+07	1.90306	0	666.891	801.25	1	1	7909.09	100	7141.95	100	1958.23	4.14678	29.606	54.5951	1.90172	2.82405	0	
2.3976e+07	1.9	0	548.273	801.25	1	1	7865.31	100	7137.56	100	1931.16	4.19655	32.1239	53.7695	1.9	2.8449	0	
2.40624e+07	1.9	0	246.693	801.25	1	1	0	100	7133.23	100	2521.89	2.82853	32.0022	53.2633	1.9	2.3	0	
2.41488e+07	1.9	0	677.187	801.25	1	1	7838.84	100	7128.66	100	1969.59	4.09827	31.8256	54.3728	1.9	2.80769	0	
2.42352e+07	1.85931	0	1026.11	801.25	1	1	7880.26	100	7124	100	1800.91	4.49933	30.1812	53.6881	1.86289	2.96906	0	
2.43216e+07	1.8	0	1099.48	801.25	1	1	7867.78	100	7119.74	100	1763.55	4.58059	30.1601	54.1576	1.8	3.0026	0	
2.4408e+07	1.8	0	1207.31	801.25	1	1	7864.73	100	7115.56	100	1831.47	4.42121	30.2973	54.3174	1.8	2.93976	0	
2.44944e+07	1.8	0	1326.38	801.25	1	1	7844.63	100	7110.93	100	1727.09	4.65456	30.7975	54.6658	1.8	3.03415	0	
2.45808e+07	1.8	0	1441.86	801.25	1	1	7846.37	100	7106.47	100	1765.76	4.56489	29.6262	53.8727	1.8	2.97038	0	
2.46672e+07	1.71556	0	1372.53	801.25	1	1	7851.06	100	7102.37	100	1763.42	4.57102	30.1183	54.6631	1.71029	2.92456	0	
2.47536e+07	1.7	0	1044.13	801.25	1	1	7857.11	100	7097.56	100	1807.06	4.47102	31.5285	54.4428	1.7	2.8898	0	
2.484e+07	1.7	0	833.34	801.25	1	1	7849.94	100	7093.17	100	1807.87	4.46556	29.4908	53.6791	1.7	2.88889	0	
2.49264e+07	1.7	0	1297.18	801.25	1	1	7812.09	100	7088.93	100	1818.64	4.42718	32.3732	53.6396	1.7	2.876	0	
2.50128e+07	1.67181	0	539.926	801.25	1	1	0	100	7084.26	100	2521.65	2.80939	31.8253	54.6123	1.67298	2.3	0	
2.50992e+07	1.6	0	1450.7	801.25	1	1	7802.36	100	7079.85	100	1696.58	4.7018	30.156	54.446	1.6	2.97603	0	
2.51856e+07	1.6	0	1781.96	801.25	1	1	7829.72	100	7075.57	100	1714.55	4.66995	29.456	53.8025	1.6	2.96556	0	
2.5272e+07	1.6	0	1704.28	801.25	1	1	7802.83	100	7071.27	100	1719.99	4.64625	30.5647	54.4881	1.6	2.95806	0	
2.53584e+07	1.6	0	825.313	801.25	1	1	7817.06	100	7066.46	100	1936.62	4.15121	30.7892	54.5346	1.6	2.78193	0	
2.54448e+07	1.52806	0	413.501	801.25	1	1	7763.1	100	7062.1	100	1933	4.14362	31.5974	53.6502	1.52417	2.78	0	
2.55312e+07	1.5	0	326.404	801.25	1	1	7817.61	100	7057.88	100	2381.5	3.12215	28.5708	53.1124	1.5	2.41566	0	
2.56176e+07	1.5	0	774.897	801.25	1	1	7800.69	100	7053.43	100	1875.25	4.28438	30.114	54.5472	1.5	2.83211	0	
2.5704e+07	1.5	0	1044.48	801.25	1	1	7774.11	100	7049.08	100	1712.48	4.64765	30.27	54.5037	1.5	2.96329	0	
2.57904e+07	1.48431	0	1729.39	801.25	1	1	7778.67	100	7044.78	100	1734.47	4.59797	30.6533	54.3919	1.49175	2.94645	0	
2.58768e+07	1.4	0	1063.96	801.25	1	1	7780.63	100	7039.9	100	1777.13	4.49983	30.0372	53.7933	1.4	2.91215	0	
2.59632e+07	1.4	0	864.398	801.25	1	1	7781.84	100	7035.57	100	1834.33	4.36783	29.7946	53.295	1.4	2.86578	0	
2.60496e+07	1.4	0	230.178	801.25	1	1	0	100	7031	100	2521.38	2.78852	31.2876	54.6353	1.4	2.2	0	
2.6136e+07	1.4	0	982.883	801.25	1	1	7758	100	7026.64	100	1789.56	4.46031	30.1723	54.5536	1.4	2.87588	0	
2.62224e+07	1.34056	0	1612.87	801.25	1	1	7736.81	100	7022.17	100	1720.06	4.61039	30.558	53.7345	1.34206	2.93743	0	
2.63088e+07	1.3	0	1331.6	801.25	1	1	7757.4	100	7017.7	100	1738.76	4.57424	30.2549	54.259	1.3	2.92397	0	
2.63952e+07	1.3	0	816.492	801.25	1	1	7750.11	100	7013.3	100	1901.4	4.19868	30.054	54.5042	1.3	2.77321	0	
2.64816e+07	1.3	0	377.005	801.25	1	1	7752.16	100	7009.03	100	2041.67	3.87747	29.977	54.6169	1.3	2.64384	0	
2.6568e+07	1.29681	0	356.143	801.25	1	1	7691.56	100	7004.37	100	1933.83	4.10634	30.8822	53.8184	1.29645	2.7375	0	
2.66544e+07	1.2	0	462.954	801.25	1	1	7719.02	100	7000.07	100	1947.48	4.0814	29.345	53.4402	1.2	2.72857	0	
2.67408e+07	1.2	0	1073.97	801.25	1	1	7716.9	100	6995.58	100	1779.26	4.46219	30.3083	54.6476	1.2	2.88386	0	
2.68272e+07	1.2	0	1039.52	801.25	1	1	7726.11	100	6991.24	100	1818.21	4.37568	30.6612	54.3375	1.2	2.84962	0	
2.69136e+07	1.2	0	1205.76	801.25	1	1	7731.5	100	6986.48	100	1732.13	4.57273	30.3739	54.1565	1.2	2.93079	0	
2.7e+07	1.15306	0	1826.21	801.25	1	1	7709.86	100	6982.25	100	1688.75	4.66231	30.2268	54.5927	1.16097	2.96829	0	
2.70864e+07	1.1	0	1516.88	801.25	1	1	7695.7	100	6978.32	100	1750.95	4.51488	30.3672	54.3549	1.1	2.90938	0	
2.71728e+07	1.1	0	1654.86	801.25	1	1	7713.23	100	6974.15	100	1719.65	4.59153	30.4351	54.3954	1.1	2.94145	0	
2.72592e+07	1.1	0	1334.97	801.25	1	1	7699.69	100	6969.51	100	1749.92	4.51666	30.7488	54.6069	1.1	2.91209	0	
2.73456e+07	1.1	0	1338.88	801.25	1	1	7688.02	100	6964.47	100	1792.3	4.41523	29.9745	53.6889	1.1	2.87196	0	
2.7432e+07	1.00931	0	1962.04	801.25	1	1	7699.02	100	6960.17	100	1652.21	4.7364	30.4709	54.2537	1.00332	3.00376	0	
2.75184e+07	1	0	2940.49	801.25	1	1	7699.82	100	6956.05	100	1664.38	4.7081	30.3651	53.816	1	2.99336	0	
2.76048e+07	0.996028	0	3147.49	801.25	1	1	7696.71	100	6951.46	100	1653.77	4.73007	30.167	54.5291	0.996624	3.00337	0	
2.76912e+07	0.975458	0	3024.19	801.25	1	1	7688.42	100	6946.71	100	1659.86	4.71193	30.6324	53.9039	0.975183	2.99706	0	
2.77776e+07	0.953118	0	2985.36	801.25	1	1	7676.9	100	6942.38	100	1632.21	4.76899	30.1926	54.3053	0.954637	3.0215	0	
2.7864e+07	0.931368	0	3083.04	801.25	1	1	7676.51	100	6938.33	100	1663.32	4.69742	30.0774	54.25	0.931566	2.99334	0	
2.79504e+07	0.909618	0	2545.76	801.25	1	1	7662.75	100	6933.68	100	1681.89	4.64895	30.4746	54.6245	0.909771	2.97462	0	
2.80368e+07	0.887868	0	2994.53	801.25	1	1	7665.86	100	6928.94	100	1645.49	4.73162	30.0897	54.3633	0.888246	3.0095	0	
2.81232e+07	0.866021	0	2276.35	801.25	1	1	7654.29	100	6924.65	100	1670.53	4.66941	30.4589	54.2709	0.865772	2.98511	0	
2.82096e+07	0.843493	0	1403.92	801.25	1	1	7658.93	100	6920.46	100	1757.86	4.47259	30.6599	54.2285	0.84267	2.90579	0	
2.8296e+07	0.821743	0	1346.02	801.25	1	1	7653.4	100	6915.58	100	1757.12	4.47121	30.0573	54.5262	0.822055	2.90633	0	
2.83824e+07	0.799993	0	1539.37	801.25	1	1	7652.55	100	6911.2	100	1714.94	4.5653	30.1994	54.697	0.800415	2.91588	0	
2.84688e+07	0.778243	0	1737.57	801.25	1	1	7641.2	100	6906.6	100	1706.34	4.57939	30.5401	54.1024	0.778883	2.86916	0	
2.85552e+07	0.756493	0	1893.56	801.25	1	1	7639.55	100	6902.23	100	1730.4	4.52345	30.2017	54.6337	0.756568	2.84972	0	
2.86416e+07	0.733958	0	1853.02	801.25	1	1	7640.67	100	6898.18	100	1665.18	4.67033	30.3451	54.6933	0.734139	2.90414	0	
2.8728e+07	0.712118	0	2312.72	801.25	1	1	7624	100	6893.95	100	1686.23	4.61522	29.8874	54.1337	0.712788	2.88507	0	
2.88144e+07	0.690368	0	2607.71	801.25	1	1	7632.61	100	6889.11	100	1689.58	4.61007	30.3169	54.2974	0.690575	2.88417	0	
2.89008e+07	0.668618	0	2819.77	801.25	1	1	7619.81	100	6884.49	100	1658.14	4.67497	29.8624	54.7132	0.66788	2.90876	0	
2.89872e+07	0.646868	0	2359.45	801.25	1	1	7618.05	100	6880.09	100	1663.3	4.6617	30.0549	54.8149	0.645518	2.9049	0	
2.90736e+07	0.624521	0	2573.68	801.25	1	1	7612.42	100	6875.66	100	1676.57	4.62857	30.3629	54.6301	0.624652	2.89385	0	
2.916e+07	0.602493	0	2362.76	801.25	1	1	7613.78	100	6871.22	100	1677.5	4.62612	30.2665	54.6264	0.601565	2.89385	0	
2.92464e+07	0.580743	0	2306.23	801.25	1	1	7596.77	100	6867.14	100	1645.45	4.69041	30.1333	54.5876	0.580844	2.91837	0	
2.93328e+07	0.558993	0	2703.55	801.25	1	1	7604.56	100	6862.86	100	1684.13	4.60557	30.3151	54.5616	0.559858	2.8884	0	
2.94192e+07	0.537243	0	3782.42	801.25	1	1	7601.27	100	6858.14	100	1615.15	4.75857	30.3653	54.254	0.537706	2.94532	0	
2.95056e+07	0.515083	0	3607.5	801.25	1	1	7602.48	100	6854.17	100	1643.76	4.69378	30.0196	53.9046	0.515237	2.92262	0	
2.9592e+07	0.492868	0	3450.57	801.25	1	1	7599.25	100	6849.42	100	1655.37	4.66543	29.8739	53.9204	0.493407	2.9132	0	
2.96784e+07	0.471118	0	3523.67	801.25	1	1	7589.41	100	6844.47	100	1636.29	4.70333	30.3408	54.0252	0.471346	2.92811	0	
2.97648e+07	0.449368	0	2807.85	801.25	1	1	7576.65	100	6840.03	100	1658.43	4.64742	30.3113	54.2078	0.449347	2.90865	0	
2.98512e+07	0.427618	0	2190.77	801.25	1	1	7574.72	100	6835.62	100	1699.83	4.55284	29.9156	54.3785	0.428488	2.87494	0	
2.99376e+07	0.405646	0	804.697	801.25	1	1	7556.29	100	6831.3	100	1820.88	4.27429	29.5012	53.6662	0.405627	2.75519	0	
3.0024e+07	0.383243	0	1775.81	801.25	1	1	7573.67	100	6827.41	100	1686.91	4.57951	30.1948	53.8401	0.383583	2.87253	0	
3.01104e+07	0.361493	0	2735.14	801.25	1	1	7557.76	100	6823.03	100	1673	4.60343	29.9877	54.0048	0.362043	2.88351	0	
3.01968e+07	0.339743	0	2420.74	801.25	1	1	7558.47	100	6818.34	100	1677.04	4.59373	30.1728	54.7163	0.34	2.8806	0	
3.02832e+07	0.317993	0	2444.75	801.25	1	1	7548.03	100	6813.6	100	1651.84	4.64487	29.9526	53.9544	0.319845	2.90297	0	
3.03696e+07	0.296208	0	2694.41	801.25	1	1	7538.39	100	6809.53	100	1680.82	4.57543	30.2427	54.0287	0.29634	2.87523	0	
3.0456e+07	0.273618	0	2039.3	801.25	1	1	7551.71	100	6804.84	100	1705.93	4.52357	30.161	54.4676	0.273602	2.85478	0	
3.05424e+07	0.251868	0	1271.37	801.25	1	1	7523.85	100	6800.34	100	1723.32	4.47319	30.0289	53.7942	0.251579	2.835	0	
3.06288e+07	0.230118	0	2128.45	801.25	1	1	7523.41	100	6796.25	100	1695.21	4.53456	30.4301	54.4924	0.230609	2.86166	0	
3.07152e+07	0.208368	0	3197.62	801.25	1	1	7529.99	100	6791.32	100	1630.34	4.68086	30.2684	53.7253	0.210134	2.92349	0	
3.08016e+07	0.186618	0	3223.88	801.25	1	1	7530.29	100	6787.44	100	1648.29	4.64006	30.2098	54.2931	0.188209	2.90766	0	
3.0888e+07	0.164146	0	2685.91	801.25	1	1	7513.32	100	6782.65	100	1676.76	4.56878	30.4692	53.8672	0.164348	2.87919	0	
3.09744e+07	0.142243	0	2470.9	801.25	1	1	7520.14	100	6777.96	100	1679.36	4.56473	30.1353	54.167	0.142724	2.87863	0	
3.10608e+07	0.120493	0	3215.42	801.25	1	1	7514.51	100	6774.11	100	1628.03	4.67598	29.8557	54.6342	0.1209	2.92593	0	
3.11472e+07	0.0986208	0	3186.25	801.25	1	1	7503.68	100	6769.86	100	1640.67	4.64241	30.1465	53.7618	0.0987664	2.9131	0	
3.12336e+07	0.0767035	0	2050.8	801.25	1	1	7508.83	100	6765.14	100	1744.83	4.41154	30.1862	54.2642	0.0772993	2.81829	0	
3.132e+07	0.0547861	0	3104.14	801.25	1	1	7505.24	100	6760.56	100	1624.07	4.67817	29.9817	54.505	0.055437	2.93028	0	
3.14064e+07	0.0328688	0	3434.7	801.25	1	1	7497.37	100	6756.57	100	1642.15	4.63373	30.1017	53.8385	0.0338428	2.91294	0	
