43230	8	0	3612.93	267.083	0.465278	0.576389	3881.47	100	348.637	100	767.626	2.62055	30.0583	54.4835	6.26944	1.73056	0	
129630	8	0	3781.43	267.083	0.441667	0.599306	3668.42	100	342.641	100	729.828	2.4827	30.2041	55.1004	6.35743	1.64146	0	
216030	7.92806	0	4438.75	267.083	0.534722	0.502083	4557.2	100	307.631	100	871.367	3.03706	30.4465	54.8914	5.94764	1.99882	0	
302430	7.9	0	3472.52	267.083	0.435417	0.607639	3591.65	100	359.679	100	722.552	2.43851	30.1187	54.6495	6.28417	1.61583	0	
388830	7.9	0	2646.3	267.083	0.33125	0.708333	2665.05	100	330.485	100	555.674	1.83681	30.3216	54.4447	6.67687	1.22312	0	
475230	7.9	0	2088.78	267.083	0.242361	0.788889	1927.73	100	260.779	100	408.7	1.3375	30.3023	54.3082	7.00715	0.892847	0	
561630	7.88431	0	1946.38	267.083	0.264583	0.782639	1983.63	100	393.87	100	458.799	1.42608	30.3907	54.5397	6.92937	0.962917	0	
648030	7.8	0	2460.6	267.083	0.304167	0.734028	2424.15	100	318.388	100	511.541	1.67961	30.4226	55.0149	6.70146	1.12146	0	
734430	7.8	0	2073.28	267.083	0.300694	0.740278	2363.92	100	341.362	100	508.458	1.65142	30.396	54.8294	6.69424	1.10576	0	
820830	7.8	0	2108.88	267.083	0.271528	0.759722	2188.22	100	260.226	100	453.972	1.50511	30.2538	54.1726	6.79632	1.00368	0	
907230	7.8	0	1215.16	267.083	0.18125	0.866667	1211.26	100	398.816	100	328.792	0.935457	30.216	54.8537	7.15437	0.645625	0	
993630	7.74056	0	2159.67	267.083	0.244444	0.790972	1901.78	100	294.606	100	415.718	1.33523	30.5274	54.6895	6.85965	0.897014	0	
1.08003e+06	7.7	0	1643.46	267.083	0.245833	0.789583	1913.03	100	294.464	100	417.795	1.34271	30.348	54.262	6.81562	0.902292	0	
1.16643e+06	7.7	0	2085.15	267.083	0.263889	0.783333	1972.2	100	392.407	100	457.959	1.41725	30.6765	54.6403	6.73972	0.960278	0	
1.25283e+06	7.7	0	2538.7	267.083	0.318056	0.713889	2601	100	265.305	100	527.499	1.7707	30.224	54.5081	6.52014	1.17986	0	
1.33923e+06	7.69681	0	1998.98	267.083	0.297917	0.750694	2262.69	100	403.518	100	511.711	1.61037	30.5718	54.9296	6.60847	1.08833	0	
1.42563e+06	7.6	0	2286.67	267.083	0.301389	0.738194	2372.1	100	328.373	100	507.903	1.6526	30.4496	53.9517	6.52049	1.10965	0	
1.51203e+06	7.6	0	3069.02	267.083	0.363194	0.676389	2934.61	100	328.206	100	604.858	2.01111	30.3102	54.9441	6.28646	1.34451	0	
1.59843e+06	7.6	0	2573.75	267.083	0.353472	0.686806	2836.54	100	333.777	100	589.953	1.95197	30.6126	53.9549	6.29306	1.30694	0	
1.68483e+06	7.6	0	2465.23	267.083	0.303472	0.736111	2397.47	100	327.848	100	512.869	1.66226	29.8336	54.2992	6.48243	1.11757	0	
1.77123e+06	7.55306	0	3419.54	267.083	0.409722	0.629861	3358.85	100	327.677	100	678.651	2.27834	30.0371	54.7852	6.0525	1.50278	0	
1.85763e+06	7.5	0	3290.42	267.083	0.421528	0.618056	3459.2	100	327.5	100	696.21	2.34579	30.4868	54.3863	5.97597	1.52799	0	
1.94403e+06	7.5	0	3124.84	267.083	0.365278	0.675	2943.63	100	333.069	100	609.357	2.01666	29.8697	54.7166	6.18069	1.31931	0	
2.03043e+06	7.5	0	3038.38	267.083	0.386806	0.644444	3218.36	100	258.284	100	634.165	2.16333	29.8955	54.2042	6.06437	1.40618	0	
2.11683e+06	7.5	0	2708.55	267.083	0.355556	0.691667	2793.25	100	390.097	100	601.446	1.94083	30.0793	53.9369	6.19139	1.27778	0	
2.20323e+06	7.40931	0	3198.94	267.083	0.394444	0.638194	3274.08	100	269.479	100	647.844	2.20192	30.3128	54.4417	5.97542	1.43333	0	
2.28963e+06	7.4	0	3511.87	267.083	0.452778	0.59375	3673.15	100	383.952	100	752.165	2.50346	30.0755	54.3962	5.7666	1.63806	0	
2.37603e+06	7.4	0	2389.59	267.083	0.284028	0.757639	2182.99	100	343.631	100	482.621	1.53818	29.7722	54.2152	6.38264	1.01757	0	
2.46243e+06	7.4	0	3546.94	267.083	0.442361	0.597917	3628.15	100	331.991	100	729.192	2.45656	30.3385	54.0149	5.76042	1.60174	0	
2.54883e+06	7.36556	0	3809.22	267.083	0.488194	0.543056	4129.72	100	257.453	100	793.445	2.74308	30.0995	54.3575	5.55604	1.77819	0	
2.63523e+06	7.3	0	3292.68	267.083	0.410417	0.629861	3342.8	100	331.675	100	680.414	2.26961	30.0214	54.5208	5.81771	1.48229	0	
2.72163e+06	7.3	0	2742.77	267.083	0.348611	0.691667	2777.13	100	331.494	100	582.726	1.91163	30.194	54.4088	6.04639	1.25361	0	
2.80803e+06	7.3	0	2264.23	267.083	0.261111	0.786806	1915.75	100	394.132	100	453.017	1.38646	29.9611	54.3285	6.37326	0.922986	0	
2.89443e+06	7.3	0	2048.18	267.083	0.288889	0.751389	2232.87	100	331.104	100	488.823	1.56531	30.7178	54.8582	6.24563	1.03264	0	
2.98083e+06	7.22181	0	1460.92	267.083	0.191667	0.848611	1361.37	100	330.916	100	337.873	1.00393	29.8594	53.7953	6.54278	0.672917	0	
3.06723e+06	7.2	0	2380.2	267.083	0.317361	0.71875	2525.14	100	296.535	100	529.388	1.73832	30.4087	54.733	6.05826	1.14174	0	
3.15363e+06	7.2	0	2828.04	267.083	0.352778	0.682639	2854.81	100	290.688	100	585.065	1.94327	30.1352	53.9126	5.9266	1.2734	0	
3.24003e+06	7.2	0	3065.64	267.083	0.413194	0.631944	3301.55	100	370.295	100	687.475	2.26573	30.1424	54.942	5.7084	1.48819	0	
3.32643e+06	7.17806	0	2042.43	267.083	0.272917	0.763194	2121.5	100	296.063	100	459.883	1.48001	30.4635	53.6281	6.19194	0.977292	0	
3.41283e+06	7.1	0	1960.23	267.083	0.278472	0.770139	2057.14	100	398.327	100	480.465	1.47986	30.8028	53.7747	6.1134	0.986597	0	
3.49923e+06	7.1	0	2086.55	267.083	0.24375	0.795833	1831.92	100	324.162	100	418.642	1.30217	30.4703	54.7376	6.23375	0.86625	0	
3.58563e+06	7.1	0	2061.81	267.083	0.288889	0.751389	2225.3	100	329.671	100	488.994	1.55923	30.2328	54.5701	6.06736	1.03264	0	
3.67203e+06	7.1	0	2306.32	267.083	0.313194	0.727083	2443.39	100	329.494	100	527.158	1.69805	30.2669	54.7026	5.9741	1.12257	0	
3.75843e+06	7.03431	0	2819.48	267.083	0.354861	0.685417	2820.77	100	329.316	100	593.101	1.93641	30.1181	54.8025	5.76007	1.27674	0	
3.84483e+06	7	0	3163.35	267.083	0.386111	0.654167	3095.68	100	329.132	100	641.241	2.1148	30.3385	54.0896	5.60764	1.39236	0	
3.93123e+06	7	0	2849.49	267.083	0.381944	0.659028	3044.95	100	334.623	100	634.421	2.08811	30.4923	54.0498	5.62368	1.37632	0	
4.01763e+06	7	0	3505.8	267.083	0.435417	0.595833	3615.72	100	255.097	100	709.674	2.41796	29.8459	54.6747	5.41708	1.58292	0	
4.10403e+06	6.99056	0	3126.35	267.083	0.397222	0.651389	3117.53	100	396.614	100	666.899	2.15453	30.1485	54.864	5.56882	1.42597	0	
4.19043e+06	6.9	0	3112.25	267.083	0.396528	0.644444	3176.25	100	334.086	100	658.113	2.16859	30.5306	54.8531	5.48965	1.43028	0	
4.27683e+06	6.9	0	3199.03	267.083	0.39375	0.646528	3159.81	100	328.242	100	653.751	2.15338	29.8605	54.7874	5.47937	1.42063	0	
4.36323e+06	6.9	0	2509.19	267.083	0.304167	0.736111	2353.75	100	328.065	100	513.136	1.63977	30.2104	54.8654	5.81083	1.08917	0	
4.44963e+06	6.9	0	2420	267.083	0.316667	0.723611	2466.89	100	327.886	100	533.112	1.71048	29.9989	54.7672	5.76458	1.13542	0	
4.53603e+06	6.84681	0	2170.1	267.083	0.298611	0.742361	2297.94	100	333.359	100	505.521	1.60469	30.6482	54.8733	5.79313	1.06799	0	
4.62243e+06	6.8	0	2285.49	267.083	0.297917	0.742361	2297.68	100	327.529	100	503.921	1.60165	30.0941	54.8918	5.75389	1.06604	0	
4.70883e+06	6.8	0	2560.15	267.083	0.329167	0.710417	2577.3	100	321.707	100	551.325	1.78106	30.3136	54.7331	5.61771	1.18229	0	
4.79523e+06	6.8	0	2476.73	267.083	0.367361	0.675	2894.24	100	344.088	100	614.093	1.99126	30.3185	53.8717	5.47889	1.32111	0	
4.88163e+06	6.8	0	1872.35	267.083	0.211111	0.828472	1525.45	100	321.352	100	367.402	1.10576	30.106	54.7453	6.05451	0.745486	0	
4.96803e+06	6.70306	0	1893.41	267.083	0.271528	0.769444	2050.71	100	332.45	100	463.142	1.44631	30.3651	54.9244	5.75812	0.967778	0	
5.05443e+06	6.7	0	1604.88	267.083	0.225	0.815278	1637.23	100	326.633	100	389.022	1.18212	30.4617	54.6162	5.91597	0.79625	0	
5.14083e+06	6.7	0	1455.61	267.083	0.202083	0.838889	1432.28	100	332.085	100	354.926	1.04931	29.7297	54.8165	5.98917	0.710833	0	
5.22723e+06	6.7	0	1391.91	267.083	0.195139	0.839583	1425.38	100	281.273	100	338.057	1.02475	29.6522	53.6607	6.00924	0.690764	0	
5.31363e+06	6.65931	0	1072.12	267.083	0.204167	0.8375	1440.23	100	337.36	100	358.338	1.05834	30.5604	53.8051	5.9484	0.717917	0	
5.40003e+06	6.6	0	1984.65	267.083	0.283333	0.7625	2103.82	100	370.888	100	485.677	1.49768	30.3168	54.7444	5.61917	1.00708	0	
5.48643e+06	6.6	0	2760.09	267.083	0.354167	0.683333	2810.03	100	303.279	100	589.005	1.9204	30.3531	54.6926	5.345	1.27667	0	
5.57283e+06	6.6	0	3114.06	267.083	0.370833	0.673611	2893.16	100	359.251	100	621.407	1.99697	30.2884	54.9217	5.26792	1.31611	0	
5.65923e+06	6.6	0	2249.09	267.083	0.308333	0.732639	2368.07	100	330.985	100	520.423	1.64965	30.1952	54.1291	5.49604	1.07722	0	
5.74563e+06	6.51556	0	1726.39	267.083	0.222222	0.813889	1644.44	100	291.559	100	380.887	1.17201	30.4958	53.9178	5.74458	0.771111	0	
5.83203e+06	6.5	0	1975.09	267.083	0.304861	0.735417	2336.79	100	325.039	100	513.573	1.63001	30.1668	54.192	5.43722	1.06528	0	
5.91843e+06	6.5	0	1534.48	267.083	0.209028	0.836806	1440.96	100	369.663	100	369.873	1.07185	30.4327	54.3787	5.77986	0.715833	0	
6.00483e+06	6.5	0	1814.3	267.083	0.267361	0.773611	1991.76	100	330.263	100	454.876	1.41405	30.3303	54.6257	5.54764	0.929722	0	
6.09123e+06	6.47181	0	1471.05	267.083	0.173611	0.867361	1168.2	100	330.078	100	309.687	0.882201	30.0892	54.3816	5.86931	0.592222	0	
6.17763e+06	6.4	0	1583.4	267.083	0.229167	0.802778	1742.2	100	257.22	100	388.336	1.21874	30.6703	54.5797	5.60375	0.799444	0	
6.26403e+06	6.4	0	1654.11	267.083	0.228472	0.821528	1572.19	100	402.392	100	404.057	1.16956	30.3854	54.4509	5.62153	0.7825	0	
6.35043e+06	6.4	0	1624.88	267.083	0.229861	0.810417	1670.96	100	323.953	100	397.089	1.20087	30.4022	54.9385	5.60472	0.795278	0	
6.43683e+06	6.4	0	1278.49	267.083	0.203472	0.834028	1463.14	100	301.446	100	353.45	1.05797	30.2709	54.253	5.6809	0.69875	0	
6.52323e+06	6.32806	0	1239.43	267.083	0.175694	0.8625	1210.86	100	306.867	100	310.723	0.898636	30.6868	53.4949	5.72639	0.598125	0	
6.60963e+06	6.3	0	2317.98	267.083	0.325694	0.722222	2446.93	100	384.771	100	554.19	1.72156	30.0195	54.5297	5.17063	1.12937	0	
6.69603e+06	6.3	0	2615.12	267.083	0.367361	0.673611	2864.5	100	328.801	100	610.811	1.97312	30.579	53.7721	5.01361	1.28562	0	
6.78243e+06	6.3	0	2629.29	267.083	0.331944	0.709028	2557.02	100	328.626	100	556.585	1.77223	30.6144	54.5767	5.13778	1.15812	0	
6.86883e+06	6.28431	0	2566.16	267.083	0.336111	0.704861	2596	100	328.448	100	563.713	1.79487	30.0183	55.032	5.08569	1.17312	0	
6.95523e+06	6.2	0	2521.17	267.083	0.320833	0.715972	2497.15	100	294.887	100	535.889	1.7181	30.3792	54.6048	5.07812	1.12187	0	
7.04163e+06	6.2	0	2088.75	267.083	0.280556	0.764583	2061.47	100	361.459	100	479.83	1.46978	30.7318	54.529	5.23062	0.969375	0	
7.12803e+06	6.2	0	1750.94	267.083	0.229861	0.802778	1731.58	100	261.221	100	389.86	1.21432	30.1965	54.5689	5.40187	0.798125	0	
7.21443e+06	6.2	0	1737.79	267.083	0.25625	0.794444	1803.31	100	405.509	100	448.364	1.31781	30.2721	54.7589	5.31903	0.876875	0	
7.30083e+06	6.14056	0	1178	267.083	0.20625	0.829861	1490.94	100	288.677	100	356.168	1.07171	29.8282	54.1326	5.42306	0.71	0	
7.38723e+06	6.1	0	544.261	267.083	0.104167	0.941667	508.607	100	366.208	100	206.208	0.473061	31.7465	54.6995	5.76625	0.33375	0	
7.47363e+06	6.1	0	1701.1	267.083	0.210417	0.830556	1480.35	100	327.174	100	366.843	1.08203	29.9634	54.7062	5.37938	0.720625	0	
7.56003e+06	6.1	0	2062.47	267.083	0.33125	0.710417	2528.82	100	332.535	100	555.323	1.75873	30.1566	54.8178	4.945	1.155	0	
7.64643e+06	6.09681	0	1488.64	267.083	0.184028	0.856944	1248.82	100	326.808	100	325.87	0.932763	30.5481	54.5282	5.46917	0.625625	0	
7.73283e+06	6	0	1313.58	267.083	0.223611	0.818056	1589.08	100	332.159	100	388.345	1.1528	30.2135	53.9843	5.24139	0.7675	0	
7.81923e+06	6	0	970.015	267.083	0.138194	0.896528	903.778	100	276.65	100	248.799	0.69004	29.5399	53.6925	5.53375	0.46625	0	
7.90563e+06	6	0	1027.82	267.083	0.145833	0.900694	865.811	100	370.523	100	271.914	0.703604	30.9034	54.4298	5.51688	0.483125	0	
7.99203e+06	6	0	1560.39	267.083	0.219444	0.81875	1576.95	100	303.985	100	377.823	1.13626	30.7807	54.5674	5.24437	0.755625	0	
8.07843e+06	5.95306	0	2206.27	267.083	0.349306	0.697222	2639.12	100	370.101	100	588.635	1.84266	30.3135	54.3631	4.75187	1.21562	0	
8.16483e+06	5.9	0	1639.69	267.083	0.2375	0.804167	1710.49	100	331.236	100	410.748	1.2276	30.0728	54.6212	5.0891	0.8175	0	
8.25123e+06	5.9	0	1968.38	267.083	0.269444	0.771528	1994.56	100	325.535	100	459.917	1.40741	30.3657	54.7719	4.96687	0.933125	0	
8.33763e+06	5.9	0	560.746	267.083	0.102778	0.938194	534.892	100	325.355	100	199.108	0.474556	32.8675	54.7327	5.56687	0.333125	0	
8.42403e+06	5.9	0	1101.95	267.083	0.134028	0.903472	841.819	100	297.618	100	245.301	0.657463	29.7508	54.0682	5.45125	0.44875	0	
8.51043e+06	5.80931	0	1330.39	267.083	0.210417	0.830556	1477.05	100	325.005	100	367.791	1.07561	29.3093	53.9619	5.09944	0.720625	0	
8.59683e+06	5.8	0	1493.27	267.083	0.204167	0.838194	1409.02	100	335.839	100	359.263	1.03672	30.5771	54.5281	5.11347	0.696875	0	
8.68323e+06	5.8	0	2174.69	267.083	0.344444	0.701389	2596.43	100	363.154	100	580.868	1.81077	30.0197	54.5668	4.60125	1.19875	0	
8.76963e+06	5.8	0	1708.77	267.083	0.203472	0.831944	1462.48	100	280.455	100	351.556	1.04875	30.1357	53.9119	5.09938	0.700625	0	
8.85603e+06	5.76556	0	960.299	267.083	0.169444	0.878472	1056.85	100	379.24	100	310.509	0.827977	31.7801	54.4759	5.20083	0.566875	0	
8.94243e+06	5.7	0	1352.71	267.083	0.232639	0.809028	1653.81	100	329.574	100	401.933	1.19499	30.4445	54.7044	4.91924	0.8	0	
9.02883e+06	5.7	0	1150.26	267.083	0.129861	0.905556	820.961	100	279.982	100	236.802	0.637049	29.145	53.8097	5.27118	0.435625	0	
9.11523e+06	5.7	0	1800.84	267.083	0.301389	0.739583	2256.03	100	323.744	100	508.624	1.57831	30.581	54.3446	4.65187	1.04812	0	
9.20163e+06	5.7	0	1444.43	267.083	0.220139	0.829167	1480.31	100	389.353	100	390.504	1.10495	29.5033	53.7351	4.95187	0.748125	0	
9.28803e+06	5.62181	0	881.745	267.083	0.10625	0.929167	612.437	100	279.509	100	199.528	0.504759	30.8095	53.8909	5.27813	0.350625	0	
9.37443e+06	5.6	0	1547.23	267.083	0.228472	0.814583	1604.41	100	339.626	100	397.289	1.16545	30.1876	54.4357	4.83556	0.778056	0	
9.46083e+06	5.6	0	1344.33	267.083	0.227778	0.818056	1577.35	100	361.324	100	399.578	1.15423	31.5725	54.493	4.83465	0.760556	0	
9.54723e+06	5.6	0	2009.96	267.083	0.252778	0.789583	1815.47	100	333.751	100	433.827	1.30093	30.2125	54.4599	4.72813	0.850833	0	
9.63363e+06	5.57806	0	2056.7	267.083	0.320139	0.721528	2406.26	100	328.095	100	538.641	1.67596	30.5492	54.7645	4.47097	1.08715	0	
9.72003e+06	5.5	0	1363.74	267.083	0.184028	0.850694	1285.34	100	273.262	100	319.323	0.93671	29.4629	53.8182	4.88715	0.616319	0	
9.80643e+06	5.5	0	884.109	267.083	0.177778	0.871528	1110.07	100	387.815	100	324.675	0.866078	28.4643	52.901	4.91813	0.582778	0	
9.89283e+06	5.5	0	359.127	267.083	0.0416667	1	0	100	327.54	100	105.229	0.129694	28.6995	54.7001	5.3875	0.1125	0	
9.97923e+06	5.5	0	523.099	267.083	0.155556	0.886806	970.832	100	332.804	100	282.207	0.758931	29.2893	53.7903	4.97812	0.510556	0	
1.00656e+07	5.43431	0	606.437	267.083	0.0986111	0.941667	501.253	100	316.263	100	192.226	0.448297	32.7469	54.3712	5.11903	0.312917	0	
1.0152e+07	5.4	0	413.656	267.083	0.0993056	0.9375	536.66	100	288.841	100	189.895	0.460354	32.4992	53.5616	5.08556	0.318125	0	
1.02384e+07	5.4	0	14.25	267.083	0.0430556	1	0	100	337.707	100	108.732	0.133725	32.4292	52.8581	5.28583	0.11625	0	
1.03248e+07	5.4	0	139.172	267.083	0.04375	1	0	100	342.957	100	110.485	0.135804	31.0819	53.2549	5.28187	0.114792	0	
1.04112e+07	5.39056	0	550.785	267.083	0.108333	0.930556	594.343	100	304.678	100	205.744	0.504463	30.4725	53.207	5.03687	0.344167	0	
1.04976e+07	5.3	0	748.416	267.083	0.134722	0.914583	734.285	100	386.078	100	257.432	0.62475	30.0754	54.5686	4.87285	0.427153	0	
1.0584e+07	5.3	0	1320.39	267.083	0.215278	0.822917	1518.05	100	298.895	100	371.398	1.09609	30.7796	54.8233	4.5809	0.719097	0	
1.06704e+07	5.3	0	1622.93	267.083	0.240972	0.795833	1751.55	100	287.87	100	410.365	1.2406	29.789	53.346	4.48764	0.810278	0	
1.07568e+07	5.3	0	1756.38	267.083	0.261806	0.785417	1842.42	100	369.144	100	453.303	1.32968	29.9544	54.0503	4.41667	0.873819	0	
1.08432e+07	5.24681	0	1172.7	267.083	0.179861	0.861806	1186.26	100	325.52	100	320.408	0.890722	30.991	54.1239	4.64583	0.592014	0	
1.09296e+07	5.2	0	688.881	267.083	0.106944	0.932639	575.864	100	309.066	100	204.458	0.493593	30.3978	53.0732	4.86132	0.338681	0	
1.1016e+07	5.2	0	363.799	267.083	0.100694	0.940972	506.925	100	325.154	100	197.252	0.453885	31.2783	52.8824	4.88507	0.314931	0	
1.11024e+07	5.2	0	278.177	267.083	0.105556	0.944444	475.399	100	389.959	100	212.621	0.460246	32.2784	53.9119	4.87312	0.324444	0	
1.11888e+07	5.2	0	17.3687	267.083	0.0423611	1	0	100	330.179	100	106.968	0.130756	33.1981	54.6915	5.08562	0.110139	0	
1.12752e+07	5.10306	0	154.073	267.083	0.0423611	1	0	100	329.991	100	106.968	0.130683	30.2678	54.7076	4.99292	0.110139	0	
1.13616e+07	5.1	0	355.902	267.083	0.0888889	0.945833	462.037	100	270.331	100	171.737	0.404788	31.8734	53.6111	4.82014	0.279861	0	
1.1448e+07	5.1	0	392.823	267.083	0.104861	0.9375	531.343	100	329.633	100	203.68	0.473915	31.3461	52.8403	4.77111	0.328889	0	
1.15344e+07	5.1	0	297.081	267.083	0.0666667	0.978472	184.352	100	351.043	100	147.565	0.257187	28.5306	52.864	4.90479	0.192708	0	
1.16208e+07	5.05931	0	301.417	267.083	0.0902778	0.956944	367.753	100	367.035	100	186.24	0.381678	30.6676	54.6599	4.78333	0.273472	0	
1.17072e+07	5	0	239.05	267.083	0.0930556	0.941667	498.345	100	269.715	100	178.521	0.426808	32.4122	53.6431	4.70556	0.294444	0	
1.17936e+07	5	0	118.744	267.083	0.0430556	1	0	100	334.272	100	108.715	0.132385	30.4381	52.8135	4.88806	0.111944	0	
1.188e+07	5	0	127.882	267.083	0.04375	0.999306	5.9339	100	334.077	100	109.798	0.136112	28.7783	52.6479	4.88562	0.114375	0	
1.19664e+07	5	0	521.059	267.083	0.165972	0.883333	987.161	100	382.354	100	304.759	0.790319	29.9321	54.3606	4.46125	0.536528	0	
1.20528e+07	4.91556	0	610.24	267.083	0.0743056	0.968056	272.735	100	328.298	100	156.789	0.304866	29.788	54.789	4.69681	0.221944	0	
1.21392e+07	4.9	0	695.687	267.083	0.154167	0.884028	981.923	100	295.837	100	275.921	0.751633	29.8733	53.9685	4.40076	0.505208	0	
1.22256e+07	4.9	0	319.762	267.083	0.100694	0.945833	457.967	100	360.186	100	201.228	0.438849	32.1612	54.1697	4.58944	0.310556	0	
1.2312e+07	4.9	0	59.3292	267.083	0.0423611	1	0	100	327.736	100	106.957	0.129803	33.1036	54.6785	4.78986	0.110139	0	
1.23984e+07	4.87181	0	209.845	267.083	0.0430556	1	0	100	332.917	100	108.709	0.131857	28.0004	54.6296	4.76104	0.111944	0	
1.24848e+07	4.8	0	272.435	267.083	0.0965278	0.945833	459.287	100	327.352	100	191.063	0.425438	32.1358	53.7494	4.50569	0.299722	0	
1.25712e+07	4.8	0	365.135	267.083	0.0965278	0.9375	528.338	100	262.813	100	182.721	0.445194	31.5544	53.5822	4.49903	0.307222	0	
1.26576e+07	4.8	0	95.9583	267.083	0.0513889	1	0	100	396.694	100	129.746	0.15712	29.527	54.5224	4.66639	0.133611	0	
1.2744e+07	4.8	0	1.91667	267.083	0.0430556	1	0	100	332.153	100	108.705	0.131557	28.1967	54.6783	4.68806	0.111944	0	
1.28304e+07	4.72806	0	23.75	267.083	0.0423611	1	0	100	326.607	100	106.951	0.129363	26.8108	54.6588	4.62215	0.110139	0	
1.29168e+07	4.7	0	0	267.083	0.0430556	1	0	100	331.771	100	108.703	0.131409	25.8091	54.6569	4.58806	0.111944	0	
1.30032e+07	4.7	0	184.049	267.083	0.0951389	0.940972	495.867	100	278.099	100	182.261	0.431476	31.3836	53.6737	4.40542	0.300486	0	
1.30896e+07	4.7	0	240.951	267.083	0.0868056	0.956944	365.272	100	336.745	100	177.594	0.367626	31.5858	52.8003	4.43556	0.264444	0	
1.3176e+07	4.68431	0	0	267.083	0.0444444	1	0	100	341.891	100	112.207	0.13542	31.9826	53.1937	4.57	0.115556	0	
1.32624e+07	4.6	0	27.8903	267.083	0.0465278	1	0	100	357.705	100	117.466	0.141687	31.023	53.7653	4.48368	0.120972	0	
1.33488e+07	4.6	0	220.742	267.083	0.0645833	0.978472	182.282	100	330.816	100	142.265	0.247942	27.15	54.5731	4.41486	0.185139	0	
1.34352e+07	4.6	0	476.165	267.083	0.0944444	0.942361	487.543	100	282.631	100	182.712	0.424909	29.7091	53.6481	4.30833	0.291667	0	
1.35216e+07	4.6	0	370.041	267.083	0.0993056	0.94375	472.779	100	330.448	100	195.815	0.436152	31.5409	53.1087	4.29118	0.303194	0	
1.3608e+07	4.54056	0	404.572	267.083	0.10625	0.936806	533.437	100	330.257	100	207.042	0.47359	31.3091	53.1895	4.2109	0.326806	0	
1.36944e+07	4.5	0	319.173	267.083	0.0923611	0.952778	398.994	100	346.032	100	187.576	0.39299	27.9215	53.1665	4.2266	0.277917	0	
1.37808e+07	4.5	0	0	267.083	0.0465278	1	0	100	356.466	100	117.459	0.141204	30.6572	53.766	4.37903	0.120972	0	
1.38672e+07	4.5	0	0	267.083	0.04375	1	0	100	334.987	100	110.446	0.132695	29.7115	54.6447	4.38625	0.11375	0	
1.39536e+07	4.49681	0	0	267.083	0.0430556	1	0	100	329.477	100	108.692	0.130514	28.7635	54.7427	4.38486	0.111944	0	
1.404e+07	4.4	0	26.7201	267.083	0.0430556	1	0	100	329.286	100	108.691	0.130441	27.6954	54.7299	4.29236	0.111944	0	
1.41264e+07	4.4	0	232.275	267.083	0.0916667	0.945139	460.778	100	281.324	100	178.128	0.408085	32.1872	53.761	4.12146	0.282222	0	
1.42128e+07	4.4	0	381.601	267.083	0.104167	0.945139	458.796	100	376.661	100	209.369	0.445669	31.6879	53.9329	4.08363	0.313403	0	
1.42992e+07	4.4	0	401.279	267.083	0.101389	0.936111	535.789	100	286.299	100	193.857	0.458508	32.4572	53.8283	4.08272	0.310972	0	
1.43856e+07	4.35306	0	11.7653	267.083	0.0444444	1	0	100	339.131	100	112.193	0.134344	32.5721	53.2234	4.23972	0.111111	0	
1.4472e+07	4.3	0	284.865	267.083	0.0715278	0.975	210.181	100	354.815	100	156.417	0.275407	27.4039	53.5952	4.09893	0.201319	0	
1.45584e+07	4.3	0	72.3611	267.083	0.0444444	1	0	100	338.726	100	112.191	0.134186	27.9765	54.4522	4.18889	0.111111	0	
1.46448e+07	4.3	0	237.958	267.083	0.0916667	0.945139	460.029	100	280.344	100	178.25	0.406782	32.1974	53.7321	4.01689	0.278542	0	
1.47312e+07	4.3	0	503.549	267.083	0.0944444	0.950694	413.983	100	343.629	100	190.787	0.401753	30.2919	53.0646	4.01303	0.280486	0	
1.48176e+07	4.20931	0	23.6965	267.083	0.0465278	1	0	100	353.989	100	117.447	0.140236	26.8749	53.5405	4.09299	0.116319	0	
1.4904e+07	4.2	0	65.4722	267.083	0.0993056	0.945139	458.979	100	337.938	100	197.465	0.429149	33.211	54.4157	3.90346	0.297639	0	
1.49904e+07	4.2	0	126.854	267.083	0.04375	1	0	100	332.461	100	110.434	0.13171	31.5481	54.5892	4.09062	0.109375	0	
1.50768e+07	4.2	0	180.219	267.083	0.0819444	0.961111	325.695	100	326.993	100	169.281	0.338547	27.2731	54.6777	3.95467	0.239861	0	
1.51632e+07	4.16556	0	171.574	267.083	0.04375	1	0	100	332.073	100	110.432	0.131558	29.9165	54.5917	4.0541	0.109375	0	
1.52496e+07	4.1	0	291.008	267.083	0.0930556	0.94375	467.61	100	279.201	100	179.966	0.412725	32.0505	53.7672	3.81899	0.283264	0	
1.5336e+07	4.1	0	328.219	267.083	0.106944	0.936806	524.807	100	331.699	100	208.197	0.470633	32.6381	52.9519	3.77703	0.324236	0	
1.54224e+07	4.1	0	0	267.083	0.0451389	1	0	100	342.026	100	113.934	0.135505	32.8689	53.0949	3.98715	0.112847	0	
1.55088e+07	4.1	0	0	267.083	0.0465278	1	0	100	352.337	100	117.439	0.139591	31.9245	53.4981	3.98014	0.116319	0	
1.55952e+07	4.02181	0	0	267.083	0.0451389	1	0	100	341.616	100	113.932	0.135345	30.9752	54.3944	3.90896	0.112847	0	
1.56816e+07	4	0	14.25	267.083	0.04375	1	0	100	330.907	100	110.426	0.131104	29.7731	54.6366	3.89062	0.109375	0	
1.5768e+07	4	0	51.8083	267.083	0.04375	1	0	100	330.713	100	110.425	0.131027	28.6666	54.6911	3.89062	0.109375	0	
1.58544e+07	4	0	251.39	267.083	0.0958333	0.940278	495.86	100	272.81	100	183.804	0.427683	31.5285	53.6435	3.70726	0.293333	0	
1.59408e+07	3.97806	0	46.5514	267.083	0.0444444	1	0	100	335.583	100	112.176	0.132958	30.0338	52.7142	3.86479	0.111111	0	
1.60272e+07	3.9	0	0	267.083	0.0465278	1	0	100	351.103	100	117.433	0.13911	28.9677	53.1167	3.78368	0.116319	0	
1.61136e+07	3.9	0	0	267.083	0.0472222	1	0	100	356.126	100	119.184	0.141101	28.0232	53.8412	3.78194	0.118056	0	
1.62e+07	3.9	0	0	267.083	0.04375	1	0	100	329.742	100	110.42	0.13065	27.074	54.6108	3.79062	0.109375	0	
1.62864e+07	3.9	0	9.5	267.083	0.04375	1	0	100	329.548	100	110.419	0.130572	25.9625	54.6131	3.79062	0.109375	0	
1.63728e+07	3.83431	0	0	267.083	0.04375	1	0	100	329.354	100	110.418	0.130497	24.9848	54.6067	3.72653	0.109375	0	
1.64592e+07	3.8	0	4.90278	267.083	0.0993056	0.9375	515.942	99.7917	276.914	100	189.66	0.442948	33.4125	53.6751	3.49986	0.304514	0	
1.65456e+07	3.8	0	6.5875	267.083	0.0451389	1	0	100	339.423	100	113.922	0.134489	33.5228	52.7997	3.68715	0.112847	0	
1.6632e+07	3.8	0	38.0097	267.083	0.0486111	1	0	100	365.309	100	122.684	0.144746	32.033	53.2604	3.67847	0.121528	0	
1.67184e+07	3.79056	0	0	267.083	0.0451389	1	0	100	339.01	100	113.919	0.134328	30.8406	54.5416	3.67875	0.112847	0	
1.68048e+07	3.7	0	0	267.083	0.04375	1	0	100	328.383	100	110.413	0.130117	29.8931	54.6797	3.59271	0.109375	0	
1.68912e+07	3.7	0	0	267.083	0.04375	1	0	100	328.189	100	110.412	0.130042	28.9469	54.6291	3.59062	0.109375	0	
1.69776e+07	3.7	0	20.3389	267.083	0.0444444	1	0	100	333.201	100	112.164	0.13203	27.9868	54.6514	3.58889	0.111111	0	
1.7064e+07	3.7	0	320.413	267.083	0.0965278	0.939583	496.058	100	270.566	100	184.517	0.428146	30.7185	53.6273	3.40612	0.289653	0	
1.71504e+07	3.64681	0	344.056	267.083	0.0930556	0.952778	390.42	100	343.223	100	189.207	0.386705	30.1664	52.9188	3.37568	0.270417	0	
1.72368e+07	3.6	0	326.369	267.083	0.104167	0.939583	495.267	100	327.423	100	203.748	0.450318	32.7345	52.9264	3.29259	0.30875	0	
1.73232e+07	3.6	0	296.156	267.083	0.0756944	0.974306	212.184	100	373.972	100	166.192	0.284447	29.6276	53.5349	3.38944	0.209792	0	
1.74096e+07	3.6	0	163.294	267.083	0.0444444	1	0	100	332.215	100	112.159	0.131645	26.2981	54.6801	3.48889	0.111111	0	
1.7496e+07	3.6	0	38.0417	267.083	0.0979167	0.939583	496.521	100	280.14	100	188.354	0.431089	32.9056	53.7797	3.30265	0.293125	0	
1.75824e+07	3.50306	0	0	267.083	0.0465278	1	0	100	347.386	100	117.414	0.13766	33.3987	53.1127	3.39139	0.116319	0	
1.76688e+07	3.5	0	0	267.083	0.0479167	1	0	100	357.536	100	120.918	0.141681	32.4519	53.8339	3.3825	0.119792	0	
1.77552e+07	3.5	0	18.4479	267.083	0.0444444	1	0	100	331.426	100	112.155	0.131337	31.4924	54.6412	3.38889	0.111111	0	
1.78416e+07	3.5	0	180.219	267.083	0.0444444	1	0	100	331.228	100	112.154	0.131258	26.9306	54.6955	3.38889	0.111111	0	
1.7928e+07	3.45931	0	8.76319	267.083	0.0861111	0.957639	348.324	100	325.859	100	176.352	0.352864	25.6568	54.6601	3.21305	0.249167	0	
1.80144e+07	3.4	0	100.57	267.083	0.0631944	0.98125	149.498	100	330.835	100	140.459	0.230133	32.8374	54.7063	3.23072	0.172986	0	
1.81008e+07	3.4	0	0	267.083	0.0444444	1	0	100	330.637	100	112.151	0.131027	31.6426	54.6631	3.29133	0.111111	0	
1.81872e+07	3.4	0	26.2688	267.083	0.0444444	1	0	100	330.44	100	112.15	0.130951	30.6803	54.7085	3.29044	0.106667	0	
1.82736e+07	3.4	0	240.872	267.083	0.0993056	0.938889	497.277	100	283.802	100	190.695	0.434672	32.9023	53.797	3.10054	0.293333	0	
1.836e+07	3.31556	0	28.484	267.083	0.0465278	1	0	100	345.527	100	117.405	0.136933	33.0421	53.2504	3.20365	0.111667	0	
1.84464e+07	3.3	0	3.79167	267.083	0.0479167	1	0	100	355.622	100	120.909	0.140934	32.0153	53.8454	3.18379	0.115	0	
1.85328e+07	3.3	0	59.3444	267.083	0.0444444	1	0	100	329.651	100	112.146	0.130644	30.5615	54.5732	3.19133	0.106667	0	
1.86192e+07	3.3	0	224.864	267.083	0.1	0.938194	501.202	100	283.125	100	191.639	0.437377	32.9585	53.619	3.00033	0.295625	0	
1.87056e+07	3.27181	0	28.5	267.083	0.0465278	1	0	100	344.702	100	117.401	0.13661	33.0941	53.0053	3.1586	0.111667	0	
1.8792e+07	3.2	0	0	267.083	0.0486111	1	0	100	359.913	100	122.657	0.142641	32.0545	53.6175	3.08308	0.116667	0	
1.88784e+07	3.2	0	0	267.083	0.0451389	1	0	100	334.001	100	113.895	0.132371	31.1085	54.6426	3.09053	0.108333	0	
1.89648e+07	3.2	0	0	267.083	0.0444444	1	0	100	328.664	100	112.142	0.130258	30.1608	54.6993	3.09133	0.106667	0	
1.90512e+07	3.2	0	0	267.083	0.0444444	1	0	100	328.467	100	112.141	0.130182	29.2155	54.6592	3.09044	0.106667	0	
1.91376e+07	3.12806	0	0	267.083	0.0444444	1	0	100	328.27	100	112.14	0.130103	28.2671	54.6126	3.02205	0.106667	0	
1.9224e+07	3.1	0	0	267.083	0.0451389	1	0	100	333.199	100	113.891	0.132059	27.3225	54.5831	2.99143	0.108333	0	
1.93104e+07	3.1	0	0	267.083	0.0444444	1	0	100	327.875	100	112.138	0.12995	26.3734	54.7012	2.99222	0.106667	0	
1.93968e+07	3.1	0	0	267.083	0.0444444	1	0	100	327.678	100	112.137	0.129872	25.429	54.624	2.99133	0.106667	0	
1.94832e+07	3.08431	0	0.0319444	267.083	0.0458333	0.999306	5.65262	99.9306	332.598	100	114.969	0.135456	24.4803	54.57	2.97314	0.110625	0	
1.95696e+07	3	0	37.1465	267.083	0.0854167	0.959028	333.501	99.5833	327.284	100	175.891	0.344039	29.8063	54.7491	2.76125	0.241875	0	
1.9656e+07	3	0	45.4882	267.083	0.0451389	1	0	100	332.197	100	113.886	0.131666	28.0157	54.6212	2.89143	0.108333	0	
1.97424e+07	3	0	0	267.083	0.0444444	1	0	100	326.889	100	112.133	0.129564	26.9431	54.6795	2.89222	0.106667	0	
1.98288e+07	3	0	0	267.083	0.0451389	1	0	100	331.796	100	113.884	0.131512	25.9959	54.6105	2.88974	0.108333	0	
1.99152e+07	2.94056	0	17.2417	267.083	0.0847222	0.959722	326.945	99.9306	326.495	100	174.798	0.339545	25.749	54.6692	2.70442	0.239583	0	
2.00016e+07	2.9	0	133.883	267.083	0.0451389	1	0	100	331.397	100	113.882	0.131354	28.1628	54.6648	2.79247	0.108333	0	
2.0088e+07	2.9	0	0	267.083	0.0451389	1	0	100	331.195	100	113.881	0.131277	26.7897	54.6382	2.79165	0.108333	0	
2.01744e+07	2.9	0	0	267.083	0.0451389	1	0	100	330.994	100	113.88	0.131197	25.8439	54.7019	2.79085	0.108333	0	
2.02608e+07	2.89681	0	0	267.083	0.0444444	1	0	100	325.705	100	112.127	0.129102	24.8967	54.7002	2.78847	0.106667	0	
2.03472e+07	2.8	0	0	267.083	0.0451389	1	0	100	330.595	100	113.878	0.131042	23.9502	54.681	2.69358	0.108333	0	
2.04336e+07	2.8	0	19	267.083	0.108333	0.929167	571.902	99.0972	274.483	100	204.535	0.477308	33.1085	53.6259	2.48157	0.32375	0	
2.052e+07	2.8	0	0	267.083	0.0458333	1	0	100	335.289	100	115.628	0.132905	33.4844	52.753	2.69013	0.11	0	
2.06064e+07	2.8	0	152.537	267.083	0.0465278	1	0	100	340.159	100	117.379	0.134835	31.5427	52.875	2.68753	0.111667	0	
2.06928e+07	2.75306	0	292.677	267.083	0.105556	0.938194	498.464	100	319.656	100	206.345	0.447708	32.4246	52.93	2.44497	0.308958	0	
2.07792e+07	2.7	0	352.751	267.083	0.0645833	0.985417	117.704	100	365.096	100	148.82	0.220395	28.1033	53.0051	2.53512	0.166667	0	
2.08656e+07	2.7	0	324.983	267.083	0.104167	0.943056	458.806	100	344.601	100	207.553	0.432064	30.4897	54.6918	2.40381	0.295556	0	
2.0952e+07	2.7	0	268.099	267.083	0.0979167	0.939583	483.63	100	273.483	100	187.868	0.421695	32.0752	53.6001	2.41378	0.283333	0	
2.10384e+07	2.7	0	194.494	267.083	0.0458333	1	0	100	334.068	100	115.622	0.132427	27.8851	52.7044	2.5893	0.11	0	
2.11248e+07	2.60931	0	30.4167	267.083	0.0805556	0.965972	274.117	100	338.921	100	170.296	0.310599	29.8961	52.856	2.39177	0.220556	0	
2.12112e+07	2.6	0	0	267.083	0.0465278	1	0	100	338.712	100	117.372	0.13427	30.3919	53.2737	2.49042	0.111667	0	
2.12976e+07	2.6	0	3.83333	267.083	0.0486111	1	0	100	353.657	100	122.626	0.140196	29.3787	53.6037	2.48453	0.116667	0	
2.1384e+07	2.6	0	0	267.083	0.0465278	1	0	100	338.29	100	117.37	0.134105	28.4208	54.5374	2.48856	0.111667	0	
2.14704e+07	2.56556	0	14.4819	267.083	0.0451389	1	0	100	327.989	100	113.865	0.130023	27.384	54.6511	2.4589	0.108333	0	
2.15568e+07	2.5	0	54.9347	267.083	0.09375	0.944444	445.392	100	277.362	100	182.567	0.396939	32.884	53.6756	2.23354	0.269444	0	
2.16432e+07	2.5	0	18.0417	267.083	0.0472222	1	0	100	342.722	100	119.118	0.135865	33.063	52.784	2.38878	0.113333	0	
2.17296e+07	2.5	0	1.91667	267.083	0.0465278	1	0	100	337.473	100	117.366	0.133786	31.9947	53.2559	2.38949	0.111667	0	
2.1816e+07	2.5	0	0	267.083	0.0493056	1	0	100	357.395	100	124.372	0.141685	31.0453	53.6033	2.3819	0.118333	0	
2.19024e+07	2.42181	0	106.949	267.083	0.0458333	1	0	100	332.02	100	115.612	0.131626	29.366	54.5509	2.31572	0.11	0	
2.19888e+07	2.4	0	826.22	267.083	0.157639	0.880556	950.084	100	276.515	100	280.791	0.724874	30.6287	53.6124	1.92922	0.473889	0	
2.20752e+07	2.4	0	372.885	267.083	0.0868056	0.959722	322.433	100	336.651	100	179.986	0.34084	29.9156	52.716	2.16124	0.238056	0	
2.21616e+07	2.4	0	438.38	267.083	0.111111	0.934028	526.425	100	326.405	100	216.149	0.468917	29.2464	53.3375	2.07984	0.314931	0	
2.2248e+07	2.37806	0	382.669	267.083	0.109028	0.9375	497.472	100	336.238	100	214.085	0.454749	31.5497	52.9133	2.06495	0.307014	0	
2.23344e+07	2.3	0	288.188	267.083	0.106944	0.938194	493.519	100	326	100	209.863	0.446948	32.1091	53.0471	1.99972	0.301597	0	
2.24208e+07	2.3	0	160.247	267.083	0.0486111	1	0	100	350.858	100	122.612	0.139103	31.364	53.1771	2.18665	0.111806	0	
2.25072e+07	2.3	0	953.328	267.083	0.209028	0.840972	1266.91	100	360.649	100	372.904	0.959364	29.301	53.5421	1.67093	0.623889	0	
2.25936e+07	2.3	0	779.615	267.083	0.111806	0.928472	568.73	100	290.343	100	212.418	0.482173	31.2924	53.9844	1.97341	0.321528	0	
2.268e+07	2.23431	0	377.27	267.083	0.110417	0.934722	518.459	100	325.195	100	214.934	0.463747	31.5281	53.3248	1.91797	0.312708	0	
2.27664e+07	2.2	0	241.347	267.083	0.0756944	0.975694	193.603	100	369.989	100	167.395	0.27124	27.446	53.5442	2.00394	0.195972	0	
2.28528e+07	2.2	0	332.782	267.083	0.103472	0.936111	507.385	100	284.812	100	198.869	0.440253	31.6043	53.8713	1.90386	0.295486	0	
2.29392e+07	2.2	0	205.911	267.083	0.0513889	1	0	100	369.534	100	129.612	0.146513	27.2315	53.337	2.07922	0.118194	0	
2.30256e+07	2.19056	0	167.793	267.083	0.0986111	0.941667	459.674	100	289.451	100	191.405	0.413303	32.3478	53.6748	1.90846	0.279306	0	
2.3112e+07	2.1	0	558.39	267.083	0.0993056	0.951389	386.448	100	364.091	100	203.414	0.392993	30.032	53.2936	1.83329	0.272153	0	
2.31984e+07	2.1	0	995.197	267.083	0.177778	0.869444	1033.51	100	338.937	100	321.282	0.801758	29.8484	54.3818	1.57306	0.526389	0	
2.32848e+07	2.1	0	397.883	267.083	0.109028	0.936806	497.658	100	328.763	100	212.99	0.453262	30.3678	54.5215	1.79099	0.307639	0	
2.33712e+07	2.1	0	124.522	267.083	0.075	0.970833	231.453	100	328.561	100	160.924	0.2792	28.7906	54.6502	1.89907	0.19875	0	
2.34576e+07	2.04681	0	88.1688	267.083	0.0465278	1	0	100	333.332	100	117.345	0.132167	26.8177	54.6274	1.94019	0.107014	0	
2.3544e+07	2	0	329.493	267.083	0.0958333	0.942361	453.634	100	273.462	100	185.253	0.402461	31.9697	53.6558	1.73399	0.272292	0	
2.36304e+07	2	0	597.604	267.083	0.154167	0.893056	845.276	100	337.907	100	284.919	0.679126	28.2813	53.2123	1.54891	0.450833	0	
2.37168e+07	2	0	208.04	267.083	0.0729167	0.979861	157.852	100	377.424	100	164.082	0.252278	31.3779	54.6485	1.81276	0.185833	0	
2.38032e+07	2	0	306.475	267.083	0.0680556	0.977778	175.786	100	327.542	100	150.121	0.243001	28.0338	54.6169	1.82129	0.176528	0	
2.38896e+07	1.90306	0	416.807	267.083	0.109722	0.936111	505.303	100	327.34	100	214.861	0.454994	29.606	54.5951	1.59955	0.309861	0	
2.3976e+07	1.9	0	182.377	267.083	0.102083	0.938194	486.12	100	287.485	100	197.139	0.428397	32.1239	53.7695	1.61631	0.290417	0	
2.40624e+07	1.9	0	41.2868	267.083	0.0513889	1	0	100	366.569	100	129.597	0.145355	32.0022	53.2633	1.78153	0.118194	0	
2.41488e+07	1.9	0	507.89	267.083	0.108333	0.938889	479.04	100	336.631	100	213.372	0.44398	31.8256	54.3728	1.59463	0.304167	0	
2.42352e+07	1.85931	0	769.581	267.083	0.184028	0.863194	1078.06	100	336.411	100	331.418	0.828001	30.1812	53.6881	1.32111	0.546389	0	
2.43216e+07	1.8	0	1099.48	267.083	0.186806	0.854167	1147.38	100	291.711	100	329.44	0.85568	30.1601	54.1576	1.25506	0.560903	0	
2.4408e+07	1.8	0	1207.31	267.083	0.172917	0.877083	966.706	100	355.778	100	316.691	0.764502	30.2973	54.3174	1.30036	0.508333	0	
2.44944e+07	1.8	0	1326.38	267.083	0.25625	0.790972	1639.75	100	335.794	100	442.566	1.19273	30.7975	54.6658	1.02226	0.7775	0	
2.45808e+07	1.8	0	1441.86	267.083	0.180556	0.859722	1100.67	100	286.233	100	318.818	0.824216	29.6262	53.8727	1.25742	0.536319	0	
2.46672e+07	1.71556	0	1372.53	267.083	0.2375	0.814583	1455.72	100	369.915	100	418.812	1.08562	30.1183	54.6631	1.01622	0.694583	0	
2.47536e+07	1.7	0	957.119	267.083	0.177083	0.869444	1025.79	100	330.234	100	320.001	0.791743	31.5285	54.4428	1.18991	0.511736	0	
2.484e+07	1.7	0	729.172	267.083	0.15	0.889583	866.765	100	280.771	100	271.181	0.669834	29.4908	53.6791	1.26271	0.433333	0	
2.49264e+07	1.7	0	809.835	267.083	0.190972	0.8625	1074.16	100	379.061	100	347.309	0.845468	32.3732	53.6396	1.13687	0.549236	0	
2.50128e+07	1.67181	0	315.332	267.083	0.0465278	1	0	100	329.615	100	117.327	0.130715	31.8253	54.6123	1.56605	0.107014	0	
2.50992e+07	1.6	0	1450.7	267.083	0.286806	0.757639	1890.99	100	314.66	100	486.589	1.3485	30.156	54.446	0.748931	0.853542	0	
2.51856e+07	1.6	0	1781.96	267.083	0.252083	0.790278	1642.07	100	299.729	100	432.208	1.17722	29.456	53.8025	0.853896	0.747569	0	
2.5272e+07	1.6	0	1704.28	267.083	0.301389	0.752083	1934.45	100	378.117	100	518.386	1.40033	30.5647	54.4881	0.702368	0.891528	0	
2.53584e+07	1.6	0	825.313	267.083	0.115278	0.930556	542.851	100	323.88	100	223.25	0.478542	30.7892	54.5346	1.2721	0.320694	0	
2.54448e+07	1.52806	0	292.897	267.083	0.100694	0.939583	469.021	100	284.446	100	194.642	0.417239	31.5974	53.6502	1.24492	0.279931	0	
2.55312e+07	1.5	0	176.802	267.083	0.0576389	0.991667	65.1467	100	347.993	100	137.267	0.179957	28.5708	53.1124	1.36358	0.139236	0	
2.56176e+07	1.5	0	774.897	267.083	0.151389	0.899306	785.486	100	357.569	100	283.892	0.648607	30.114	54.5472	1.07309	0.42875	0	
2.5704e+07	1.5	0	1044.48	267.083	0.219444	0.818056	1414.46	100	264.34	100	375.795	1.0199	30.27	54.5037	0.846535	0.650278	0	
2.57904e+07	1.48431	0	1729.39	267.083	0.293056	0.763194	1842.03	100	396.269	100	508.297	1.34746	30.6533	54.3919	0.606944	0.863472	0	
2.58768e+07	1.4	0	1063.96	267.083	0.171528	0.86875	1021.21	100	283.552	100	304.827	0.771847	30.0372	53.7933	0.903597	0.499514	0	
2.59632e+07	1.4	0	864.398	267.083	0.182639	0.870833	1005.15	100	376.208	100	335.021	0.797735	29.7946	53.295	0.879743	0.523403	0	
2.60496e+07	1.4	0	230.178	267.083	0.0465278	1	0	100	327.137	100	117.314	0.129744	31.2876	54.6353	1.29474	0.102361	0	
2.6136e+07	1.4	0	982.883	267.083	0.178472	0.865972	1039.79	100	312.295	100	319.387	0.796041	30.1723	54.5536	0.88325	0.513264	0	
2.62224e+07	1.34056	0	1612.87	267.083	0.265278	0.782639	1681.68	100	336.479	100	456.294	1.22303	30.558	53.7345	0.551715	0.779236	0	
2.63088e+07	1.3	0	1331.6	267.083	0.252083	0.797222	1573.03	100	346.012	100	438.312	1.15309	30.2549	54.259	0.561861	0.737083	0	
2.63952e+07	1.3	0	816.492	267.083	0.116667	0.925694	575.877	100	297.091	100	221.83	0.489847	30.054	54.5042	0.974812	0.323542	0	
2.64816e+07	1.3	0	377.005	267.083	0.101389	0.95	387.608	100	360.186	100	207.002	0.393132	29.977	54.6169	1.02902	0.268056	0	
2.6568e+07	1.29681	0	341.303	267.083	0.1	0.940278	459.357	100	282.121	100	193.383	0.410634	30.8822	53.8184	1.01986	0.27375	0	
2.66544e+07	1.2	0	462.954	267.083	0.13125	0.922917	595.008	100	379.17	100	255.607	0.535684	29.345	53.4402	0.841993	0.358125	0	
2.67408e+07	1.2	0	1073.97	267.083	0.176389	0.865972	1034.28	100	296.34	100	313.842	0.78708	30.3083	54.6476	0.691319	0.508681	0	
2.68272e+07	1.2	0	1039.52	267.083	0.184722	0.866667	1030.15	100	359.272	100	335.864	0.808286	30.6612	54.3375	0.673611	0.526389	0	
2.69136e+07	1.2	0	1205.76	267.083	0.254861	0.793056	1599.99	100	334.769	100	441.453	1.16541	30.3739	54.1565	0.448403	0.746944	0	
2.7e+07	1.15306	0	1826.21	267.083	0.284722	0.756944	1873.92	100	290.927	100	480.825	1.32746	30.2268	54.5927	0.322778	0.845139	0	
2.70864e+07	1.1	0	1516.88	267.083	0.2	0.842361	1213.14	100	295.609	100	350.19	0.902975	30.3672	54.3549	0.518403	0.581875	0	
2.71728e+07	1.1	0	1654.86	267.083	0.268056	0.779167	1703.34	100	329.335	100	460.962	1.23079	30.4351	54.3954	0.311528	0.788472	0	
2.72592e+07	1.1	0	1334.97	267.083	0.252778	0.8	1539.94	100	367.835	100	442.342	1.14171	30.7488	54.6069	0.363889	0.736111	0	
2.73456e+07	1.1	0	1338.88	267.083	0.205556	0.846528	1179.9	100	362.733	100	368.418	0.907574	29.9745	53.6889	0.505139	0.590347	0	
2.7432e+07	1.00931	0	1962.04	267.083	0.350694	0.686806	2411.29	100	261.006	100	579.421	1.66103	30.4709	54.2537	-0.0199306	1.0534	0	
2.75184e+07	1	0	2940.49	267.083	0.439583	0.6125	2983.68	100	362.295	100	731.635	2.0696	30.3651	53.816	-0.306042	1.31583	0	
2.76048e+07	0.996028	0	3147.49	267.083	0.452778	0.595833	3110.75	100	337.918	100	748.792	2.14167	30.167	54.5291	-0.361708	1.35986	0	
2.76912e+07	0.975458	0	3024.19	267.083	0.449306	0.602083	3059.35	100	356.984	100	745.784	2.11709	30.6324	53.9039	-0.360264	1.3466	0	
2.77776e+07	0.953118	0	2985.36	267.083	0.445833	0.593056	3124.07	100	269.981	100	727.693	2.12617	30.1926	54.3053	-0.375903	1.34708	0	
2.7864e+07	0.931368	0	3083.04	267.083	0.427778	0.622917	2894.68	100	351.735	100	711.531	2.00945	30.0774	54.25	-0.324715	1.28049	0	
2.79504e+07	0.909618	0	2545.76	267.083	0.363889	0.686806	2399.93	100	351.499	100	612.02	1.6917	30.4746	54.6245	-0.162813	1.08243	0	
2.80368e+07	0.887868	0	2994.53	267.083	0.497222	0.552778	3428.34	100	346.447	100	818.174	2.35267	30.0897	54.3633	-0.602299	1.49639	0	
2.81232e+07	0.866021	0	2276.35	267.083	0.29375	0.74375	1961.41	100	259.675	100	490.717	1.37164	30.4589	54.2709	-0.00104861	0.876875	0	
2.82096e+07	0.843493	0	1403.92	267.083	0.263889	0.793056	1584.97	100	394.082	100	463.881	1.18027	30.6599	54.2285	0.0874514	0.766806	0	
2.8296e+07	0.821743	0	1346.02	267.083	0.219444	0.827778	1318.09	100	326.569	100	385.59	0.981182	30.0573	54.5262	0.19666	0.637778	0	
2.83824e+07	0.799993	0	1539.37	267.083	0.279861	0.768056	1774.97	100	331.162	100	479.945	1.27765	30.1994	54.697	-0.00935417	0.816042	0	
2.84688e+07	0.778243	0	1737.57	267.083	0.297222	0.751389	1899.69	100	335.738	100	507.163	1.3611	30.5401	54.1024	-0.0924792	0.852778	0	
2.85552e+07	0.756493	0	1893.56	267.083	0.251389	0.795833	1559.74	100	325.938	100	435.004	1.13715	30.2017	54.6337	0.0306806	0.716389	0	
2.86416e+07	0.733958	0	1853.02	267.083	0.31875	0.719444	2143.63	100	263.472	100	530.776	1.48867	30.3451	54.6933	-0.200146	0.925694	0	
2.8728e+07	0.712118	0	2312.72	267.083	0.372222	0.68125	2430.15	100	368.635	100	627.654	1.71789	29.8874	54.1337	-0.365861	1.07389	0	
2.88144e+07	0.690368	0	2607.71	267.083	0.359722	0.692361	2348.09	100	358.808	100	607.779	1.65834	30.3169	54.2974	-0.354368	1.0375	0	
2.89008e+07	0.668618	0	2819.77	267.083	0.420139	0.627778	2836.26	100	329.882	100	696.651	1.96413	29.8624	54.7132	-0.577931	1.22208	0	
2.89872e+07	0.646868	0	2359.45	267.083	0.397222	0.65	2666.32	100	324.893	100	660.701	1.85173	30.0549	54.8149	-0.521729	1.15389	0	
2.90736e+07	0.624521	0	2573.68	267.083	0.361111	0.686806	2384.17	100	329.459	100	605.429	1.67143	30.3629	54.6301	-0.426889	1.045	0	
2.916e+07	0.602493	0	2362.76	267.083	0.361111	0.686806	2384.59	100	329.246	100	605.765	1.67054	30.2665	54.6264	-0.444	1.045	0	
2.92464e+07	0.580743	0	2306.23	267.083	0.374306	0.663889	2553.36	100	262.286	100	615.901	1.75565	30.1333	54.5876	-0.513236	1.09236	0	
2.93328e+07	0.558993	0	2703.55	267.083	0.413194	0.644444	2703.84	100	395.568	100	695.875	1.903	30.3151	54.5616	-0.652583	1.19347	0	
2.94192e+07	0.537243	0	3782.42	267.083	0.579167	0.460417	4101.52	100	271.468	100	935.444	2.756	30.3653	54.254	-1.18601	1.70583	0	
2.95056e+07	0.515083	0	3607.5	267.083	0.488194	0.559028	3352.48	100	323.669	100	802.476	2.29148	30.0196	53.9046	-0.915674	1.42681	0	
2.9592e+07	0.492868	0	3450.57	267.083	0.53125	0.526389	3599.09	100	394.793	100	879.414	2.47851	29.8739	53.9204	-1.05073	1.54764	0	
2.96784e+07	0.471118	0	3523.67	267.083	0.540972	0.507639	3736.73	100	332.717	100	885.186	2.54437	30.3408	54.0252	-1.10933	1.58403	0	
2.97648e+07	0.449368	0	2807.85	267.083	0.425694	0.622917	2857.03	100	332.501	100	705.982	1.97838	30.3113	54.2078	-0.804993	1.23819	0	
2.98512e+07	0.427618	0	2190.77	267.083	0.302083	0.745139	1930.5	100	322.793	100	513.491	1.37534	29.9156	54.3785	-0.443868	0.868472	0	
2.99376e+07	0.405646	0	804.697	267.083	0.147222	0.894444	797.608	100	284.637	100	268.073	0.62927	29.5012	53.6662	-0.000826389	0.405625	0	
3.0024e+07	0.383243	0	1775.81	267.083	0.323611	0.722222	2103.8	100	312.923	100	545.904	1.48198	30.1948	53.8401	-0.545271	0.929583	0	
3.01104e+07	0.361493	0	2735.14	267.083	0.391667	0.659028	2576.99	100	345.889	100	655.26	1.80301	29.9877	54.0048	-0.760451	1.12937	0	
3.01968e+07	0.339743	0	2420.74	267.083	0.41875	0.636806	2745.19	100	378.797	100	702.261	1.92362	30.1728	54.7163	-0.883	1.20625	0	
3.02832e+07	0.317993	0	2444.75	267.083	0.373611	0.666667	2516.01	100	274.437	100	617.146	1.73538	29.9526	53.9544	-0.772153	1.08458	0	
3.03696e+07	0.296208	0	2694.41	267.083	0.375694	0.676389	2439.51	100	354.663	100	631.476	1.71896	30.2427	54.0287	-0.783951	1.08021	0	
3.0456e+07	0.273618	0	2039.3	267.083	0.327083	0.725694	2071.48	100	359.144	100	557.983	1.47958	30.161	54.4676	-0.656792	0.93375	0	
3.05424e+07	0.251868	0	1271.37	267.083	0.208333	0.829861	1280.1	100	259.735	100	359.025	0.931916	30.0289	53.7942	-0.332778	0.590625	0	
3.06288e+07	0.230118	0	2128.45	267.083	0.384028	0.675	2445.11	100	401.167	100	651.008	1.7414	30.4301	54.4924	-0.880104	1.09896	0	
3.07152e+07	0.208368	0	3197.62	267.083	0.481944	0.559028	3320.52	100	278.255	100	785.734	2.25591	30.2684	53.7253	-1.20371	1.40896	0	
3.08016e+07	0.186618	0	3223.88	267.083	0.480556	0.56875	3247.44	100	334.658	100	792.093	2.22981	30.2098	54.2931	-1.20342	1.39729	0	
3.0888e+07	0.164146	0	2685.91	267.083	0.413889	0.641667	2692.27	100	376.814	100	693.991	1.89097	30.4692	53.8672	-1.01812	1.19167	0	
3.09744e+07	0.142243	0	2470.9	267.083	0.334722	0.710417	2177.71	100	305.949	100	562.118	1.52792	30.1353	54.167	-0.80616	0.963542	0	
3.10608e+07	0.120493	0	3215.42	267.083	0.50625	0.535417	3491.12	100	282.255	100	824.189	2.36722	29.8557	54.6342	-1.36704	1.48125	0	
3.11472e+07	0.0986208	0	3186.25	267.083	0.503472	0.545139	3413.13	100	329.091	100	826.032	2.33733	30.1465	53.7618	-1.36728	1.46667	0	
3.12336e+07	0.0767035	0	2050.8	267.083	0.292361	0.766667	1752.06	100	399.331	100	510.12	1.28976	30.1862	54.2642	-0.740022	0.823958	0	
3.132e+07	0.0547861	0	3104.14	267.083	0.493056	0.545139	3413.84	100	258.216	100	800.759	2.3066	29.9817	54.505	-1.3712	1.44479	0	
3.14064e+07	0.0328688	0	3434.7	267.083	0.509722	0.539583	3451.91	100	333.136	100	837.041	2.36191	30.1017	53.8385	-1.42216	1.48479	0	
