3.15792e+07	5	0	3612.93	267.083	0.468056	0.574306	3635.43	100	328.744	100	770.36	2.463	29.8767	54.3365	3.39993	1.60007	0	
3.16656e+07	5	0	3781.43	267.083	0.50625	0.527083	4033.57	100	258.599	100	820.469	2.69312	30.0164	54.2567	3.25813	1.74187	0	
3.1752e+07	5	0	4438.75	267.083	0.594444	0.452083	4676.04	100	360.844	100	971.335	3.14351	30.2717	54.294	2.96132	2.03868	0	
3.18384e+07	4.965	0	3472.52	267.083	0.45625	0.585417	3533.06	100	323.025	100	750.559	2.39762	30.2767	54.6463	3.41937	1.55937	0	
3.19248e+07	4.9	0	2646.3	267.083	0.325694	0.722222	2361.75	100	371.338	100	552.524	1.66731	30.176	54.1285	3.83097	1.09681	0	
3.20112e+07	4.9	0	2088.78	267.083	0.297222	0.745833	2165.89	100	333.54	100	504.575	1.52272	30.62	54.7544	3.90701	1.00153	0	
3.20976e+07	4.9	0	1946.38	267.083	0.289583	0.747222	2148.32	100	285.025	100	485.722	1.49542	30.251	54.7335	3.91958	0.980417	0	
3.2184e+07	4.9	0	2460.6	267.083	0.351389	0.697222	2574.92	100	376.313	100	593.676	1.80452	30.5074	53.8499	3.71389	1.18611	0	
3.22704e+07	4.9	0	2073.28	267.083	0.256944	0.785417	1825.59	100	327.804	100	440.955	1.30271	29.8041	54.3175	4.03882	0.861181	0	
3.23568e+07	4.9	0	2108.88	267.083	0.308333	0.734028	2260.06	100	327.69	100	520.561	1.58313	30.771	54.9014	3.85896	1.04104	0	
3.24432e+07	4.895	0	1215.16	267.083	0.189583	0.853472	1243.41	100	332.938	100	336.337	0.932266	30.1015	54.0288	4.27396	0.624792	0	
3.25296e+07	4.8	0	2159.67	267.083	0.322222	0.720139	2373.96	100	327.454	100	541.695	1.65791	30.4874	54.7644	3.73847	1.08965	0	
3.2616e+07	4.8	0	1643.46	267.083	0.218056	0.824306	1493.36	100	327.336	100	380.518	1.08875	30.0539	54.5672	4.0925	0.725069	0	
3.27024e+07	4.8	0	2085.15	267.083	0.321528	0.721528	2363.45	100	332.585	100	541.802	1.65138	30.4149	54.8049	3.72653	1.0866	0	
3.27888e+07	4.8	0	2538.7	267.083	0.340278	0.699306	2552.83	100	305.653	100	567.89	1.76145	30.0587	54.3888	3.64465	1.15535	0	
3.28752e+07	4.8	0	1998.98	267.083	0.261111	0.784028	1832.42	100	348.431	100	449.962	1.31585	30.6285	54.5881	3.92674	0.873264	0	
3.29616e+07	4.8	0	2286.67	267.083	0.327083	0.715972	2408.69	100	332.227	100	550.511	1.68009	29.8012	54.8931	3.69396	1.10604	0	
3.3048e+07	4.8	0	3069.02	267.083	0.410417	0.631944	3121.74	100	326.749	100	679.735	2.13536	30.2533	54.5531	3.40167	1.39833	0	
3.31344e+07	4.725	0	2573.75	267.083	0.368056	0.675	2756.34	100	331.985	100	614.595	1.90225	30.5726	54.1703	3.49986	1.24944	0	
3.32208e+07	4.7	0	2465.23	267.083	0.320139	0.721528	2357.33	100	321.162	100	538.015	1.6439	30.0128	54.4483	3.64514	1.08299	0	
3.33072e+07	4.7	0	3419.54	267.083	0.469444	0.568056	3660.31	100	288.945	100	766.926	2.46633	30.3374	53.8542	3.13389	1.60931	0	
3.33936e+07	4.7	0	3290.42	267.083	0.400694	0.648611	2979.51	100	379.782	100	671.86	2.06312	30.329	55.023	3.36076	1.35806	0	
3.348e+07	4.7	0	3124.84	267.083	0.438889	0.604167	3354.17	100	331.506	100	725.11	2.28522	29.9784	54.1857	3.20264	1.49736	0	
3.35664e+07	4.7	0	3038.38	267.083	0.405556	0.636806	3075.15	100	326.046	100	672.262	2.10482	29.7703	54.9858	3.31868	1.38132	0	
3.36528e+07	4.7	0	2708.55	267.083	0.368056	0.675	2751.39	100	331.268	100	614.665	1.89854	29.9877	54.2606	3.45056	1.24896	0	
3.37392e+07	4.655	0	3198.94	267.083	0.4375	0.605556	3334.61	100	331.147	100	722.111	2.27543	30.4193	54	3.18326	1.45306	0	
3.38256e+07	4.6	0	3511.87	267.083	0.433333	0.603472	3357.18	100	282.983	100	710.678	2.267	29.9497	54.6597	3.15979	1.44389	0	
3.3912e+07	4.6	0	2389.59	267.083	0.328472	0.720139	2363.06	100	373.622	100	557.686	1.66842	30.2714	54.9082	3.52347	1.07792	0	
3.39984e+07	4.6	0	3546.94	267.083	0.483333	0.559722	3722.84	100	330.791	100	794.186	2.52215	29.9395	54.3872	2.99111	1.60889	0	
3.40848e+07	4.6	0	3809.22	267.083	0.483333	0.559722	3719.36	100	330.67	100	793.751	2.52138	30.1306	54.1747	2.98285	1.60889	0	
3.41712e+07	4.6	0	3292.68	267.083	0.46875	0.574306	3595.63	100	330.55	100	771.181	2.44139	30.0127	54.1964	2.99812	1.55931	0	
3.42576e+07	4.6	0	2742.77	267.083	0.355556	0.686806	2641.03	100	325.104	100	593.7	1.8281	30.4908	54.6377	3.39368	1.175	0	
3.4344e+07	4.585	0	2264.23	267.083	0.341667	0.701389	2515.19	100	330.317	100	572.417	1.75048	29.9831	54.9817	3.43618	1.12722	0	
3.44304e+07	4.5	0	2048.18	267.083	0.274306	0.76875	1943.66	100	330.195	100	467.157	1.38468	30.6632	54.621	3.60611	0.898194	0	
3.45168e+07	4.5	0	1460.92	267.083	0.202778	0.840278	1347.96	100	330.073	100	357.368	0.996538	29.7997	54.1228	3.84931	0.655	0	
3.46032e+07	4.5	0	2380.2	267.083	0.329861	0.713194	2416.17	100	329.958	100	554.585	1.68483	30.5086	55.0915	3.41486	1.08708	0	
3.46896e+07	4.5	0	2828.04	267.083	0.386806	0.65625	2899.64	100	329.836	100	643.973	1.99277	30.2569	54.5124	3.21931	1.28069	0	
3.4776e+07	4.5	0	3065.64	267.083	0.425694	0.611111	3277.03	100	281.86	100	698.071	2.21756	29.9469	54.5221	3.07514	1.41792	0	
3.48624e+07	4.5	0	2042.43	267.083	0.285417	0.756944	2045.1	100	324.295	100	484.713	1.44426	29.9788	53.7276	3.53917	0.936528	0	
3.49488e+07	4.5	0	1960.23	267.083	0.269444	0.776389	1881.78	100	350.75	100	463.417	1.3491	29.9692	54.2819	3.59819	0.879444	0	
3.50352e+07	4.415	0	2086.55	267.083	0.320833	0.726389	2301.85	100	361.239	100	544.684	1.62336	30.2922	54.4362	3.35889	1.05306	0	
3.51216e+07	4.4	0	2061.81	267.083	0.277778	0.765278	1971.68	100	329.241	100	473.251	1.39989	30.186	54.8948	3.49431	0.91	0	
3.5208e+07	4.4	0	2306.32	267.083	0.361806	0.676389	2717.62	100	291.964	100	599.078	1.86526	29.9178	54.3127	3.20262	1.19958	0	
3.52944e+07	4.4	0	2819.48	267.083	0.370833	0.675694	2727.07	100	355.544	100	622.034	1.8936	30.1066	54.7292	3.17194	1.22361	0	
3.53808e+07	4.4	0	3163.35	267.083	0.423611	0.611806	3266.07	100	270.538	100	693.909	2.20454	30.2499	53.9081	2.97538	1.41076	0	
3.54672e+07	4.4	0	2849.49	267.083	0.399306	0.653472	2909.08	100	403.015	100	671.841	2.03128	30.3706	54.4841	3.06894	1.31014	0	
3.55536e+07	4.4	0	3505.8	267.083	0.438889	0.604167	3326.8	100	328.642	100	724.825	2.26747	30.2533	54.8321	2.92036	1.45347	0	
3.564e+07	4.345	0	3126.35	267.083	0.428472	0.614583	3238.51	100	328.519	100	708.658	2.21054	30.0409	54.0565	2.91546	1.41806	0	
3.57264e+07	4.3	0	3112.25	267.083	0.440972	0.602778	3333.01	100	333.698	100	728.126	2.27558	30.6533	54.4511	2.84721	1.45993	0	
3.58128e+07	4.3	0	3199.03	267.083	0.41875	0.623611	3157.43	100	322.989	100	692.273	2.15826	29.9736	54.8414	2.91708	1.38563	0	
3.58992e+07	4.3	0	2509.19	267.083	0.359722	0.683333	2655.14	100	328.164	100	601.073	1.83758	29.9669	54.3628	3.11386	1.18431	0	
3.59856e+07	4.3	0	2420	267.083	0.329861	0.713889	2400.4	100	333.334	100	555.731	1.67436	30.4847	54.0108	3.21083	1.08215	0	
3.6072e+07	4.3	0	2170.1	267.083	0.299306	0.735417	2221.09	100	264.458	100	499.813	1.53057	30.2789	53.6404	3.30167	0.986389	0	
3.61584e+07	4.3	0	2285.49	267.083	0.301389	0.75	2093.66	100	391.269	100	518.356	1.5018	30.4828	54.5217	3.30567	0.978472	0	
3.62448e+07	4.275	0	2560.15	267.083	0.344444	0.699306	2517.86	100	332.973	100	577.959	1.7513	29.7523	54.7813	3.13071	1.13174	0	
3.63312e+07	4.2	0	2476.73	267.083	0.3625	0.680556	2669.51	100	327.566	100	604.52	1.84961	30.0894	54.4209	3.01752	1.19375	0	
3.64176e+07	4.2	0	1872.35	267.083	0.270833	0.764583	1967.75	100	269.36	100	455.017	1.37372	30.2094	54.629	3.31617	0.888958	0	
3.6504e+07	4.2	0	1893.41	267.083	0.311806	0.740278	2172.11	100	395.977	100	535.198	1.55421	30.2616	54.5817	3.18849	1.01326	0	
3.65904e+07	4.2	0	1604.88	267.083	0.234028	0.804861	1631.39	100	295.544	100	401.497	1.16658	30.4768	54.2562	3.43803	0.760694	0	
3.66768e+07	4.2	0	1455.61	267.083	0.179861	0.867361	1107.98	100	358.751	100	325.26	0.855315	30.6629	54.6833	3.62858	0.569028	0	
3.67632e+07	4.2	0	1391.91	267.083	0.224306	0.814583	1550.92	100	295.329	100	386.702	1.11363	30.6908	54.1758	3.46352	0.727639	0	
3.68496e+07	4.2	0	1072.12	267.083	0.169444	0.878472	1011.37	100	363.758	100	309.166	0.797132	30.1599	53.8372	3.65736	0.532986	0	
3.6936e+07	4.105	0	1984.65	267.083	0.323611	0.720139	2330.71	100	332.002	100	544.344	1.63477	30.6604	54.8285	3.0535	1.0609	0	
3.70224e+07	4.1	0	2760.09	267.083	0.359028	0.684028	2638.8	100	326.613	100	600.104	1.82606	30.2587	54.8465	2.92922	1.18194	0	
3.71088e+07	4.1	0	3114.06	267.083	0.445833	0.597917	3361.85	100	331.76	100	736.717	2.28978	29.8206	54.9201	2.63299	1.47646	0	
3.71952e+07	4.1	0	2249.09	267.083	0.320833	0.722917	2305.02	100	331.633	100	539.977	1.61826	30.342	53.9359	3.05112	1.05146	0	
3.72816e+07	4.1	0	1726.39	267.083	0.263889	0.779861	1830.82	100	331.515	100	451.73	1.31222	30.101	54.7091	3.24128	0.857847	0	
3.7368e+07	4.1	0	1975.09	267.083	0.245139	0.789583	1751.69	100	263.013	100	414.286	1.2326	30.6026	53.8257	3.29497	0.802222	0	
3.74544e+07	4.1	0	1534.48	267.083	0.240278	0.810417	1577.51	100	383.865	100	422.212	1.16844	30.3798	53.2506	3.3186	0.771319	0	
3.75408e+07	4.035	0	1814.3	267.083	0.24375	0.79375	1716.96	100	283.852	100	415.021	1.21782	30.2599	54.5947	3.2456	0.795	0	
3.76272e+07	4	0	1471.05	267.083	0.242361	0.799306	1667.18	100	315.286	100	416.345	1.20016	30.7914	54.3244	3.22351	0.786528	0	
3.77136e+07	4	0	1583.4	267.083	0.245833	0.80625	1612.41	100	393.955	100	432.528	1.19373	30.3218	54.3899	3.21811	0.788958	0	
3.78e+07	4	0	1654.11	267.083	0.239583	0.8	1661.66	100	299.288	100	410.265	1.18939	30.4906	54.5287	3.2264	0.778958	0	
3.78864e+07	4	0	1624.88	267.083	0.248611	0.799306	1668.76	100	362.161	100	432.731	1.21765	30.0762	53.5529	3.20056	0.802153	0	
3.79728e+07	4	0	1278.49	267.083	0.238194	0.805556	1613.59	100	330.541	100	411.998	1.17135	30.0597	54.0043	3.22949	0.770486	0	
3.80592e+07	4	0	1239.43	267.083	0.165278	0.875694	1032.67	100	309.446	100	296.489	0.787449	30.7231	54.6803	3.47304	0.525069	0	
3.81456e+07	3.965	0	2317.98	267.083	0.346528	0.699306	2500.34	100	346.037	100	583.309	1.74487	29.8595	54.7781	2.82778	1.13694	0	
3.8232e+07	3.9	0	2615.12	267.083	0.377778	0.661111	2811.01	100	293.494	100	624.057	1.92768	30.5226	53.7533	2.67208	1.24944	0	
3.83184e+07	3.9	0	2629.29	267.083	0.315278	0.724306	2292.19	100	298.638	100	528.883	1.59147	30.2631	53.7802	2.87747	1.03632	0	
3.84048e+07	3.9	0	2566.16	267.083	0.384028	0.66875	2748.06	100	398.038	100	647.66	1.92715	29.9224	54.5486	2.65426	1.25819	0	
3.84912e+07	3.9	0	2521.17	267.083	0.338194	0.705556	2437.54	100	329.818	100	566.897	1.70298	30.45	54.7038	2.79735	1.11049	0	
3.85776e+07	3.9	0	2088.75	267.083	0.334028	0.700694	2481.41	100	261.671	100	552.481	1.70141	30.1858	54.5931	2.79997	1.10444	0	
3.8664e+07	3.9	0	1750.94	267.083	0.230556	0.822222	1470.9	100	397.599	100	408.841	1.10623	30.3794	54.5717	3.16367	0.736389	0	
3.87504e+07	3.895	0	1737.79	267.083	0.259028	0.776389	1853.3	100	266.707	100	436.79	1.29858	30.3336	54.6598	3.04607	0.848819	0	
3.88368e+07	3.8	0	1178	267.083	0.213889	0.833333	1381.48	100	355.485	100	378.22	1.0297	29.8501	53.8862	3.12917	0.684722	0	
3.89232e+07	3.8	0	544.261	267.083	0.0847222	0.963889	298.623	100	365.799	100	178.697	0.337467	29.1227	54.7112	3.55805	0.244306	0	
3.90096e+07	3.8	0	1701.1	267.083	0.291667	0.74375	2118.38	100	266.413	100	486.882	1.47119	30.5481	54.5885	2.85359	0.959792	0	
3.9096e+07	3.8	0	2062.47	267.083	0.270139	0.781944	1801.33	100	391.644	100	469.558	1.3169	29.9708	54.5249	2.93711	0.871597	0	
3.91824e+07	3.8	0	1488.64	267.083	0.226389	0.8125	1551.27	100	292.313	100	389.405	1.11447	30.5316	54.6649	3.07056	0.734722	0	
3.92688e+07	3.8	0	1313.58	267.083	0.217361	0.831944	1388.24	100	370.477	100	385.163	1.0416	30.8348	54.4819	3.10853	0.694653	0	
3.93552e+07	3.8	0	970.015	267.083	0.168056	0.875	1031.2	100	323.386	100	302.39	0.793502	31.9024	54.3771	3.26861	0.532639	0	
3.94416e+07	3.725	0	1027.82	267.083	0.174306	0.870833	1064.06	100	338.911	100	313.893	0.821588	31.7753	54.6642	3.18272	0.552014	0	
3.9528e+07	3.7	0	1560.39	267.083	0.229167	0.805556	1603.43	100	260.606	100	389.088	1.1375	30.4787	53.851	2.96722	0.747917	0	
3.96144e+07	3.7	0	2206.27	267.083	0.335417	0.717361	2339.16	100	395.986	100	573.128	1.65973	29.6697	54.3374	2.62599	1.09292	0	
3.97008e+07	3.7	0	1639.69	267.083	0.232639	0.811806	1550.77	100	333.324	100	403.907	1.13243	30.2623	54.3858	2.95953	0.750972	0	
3.97872e+07	3.7	0	1968.38	267.083	0.327778	0.715972	2340.91	100	327.995	100	550.967	1.63916	30.363	54.6706	2.63697	1.06069	0	
3.98736e+07	3.7	0	560.746	267.083	0.104861	0.936806	522.079	100	312.26	100	203.432	0.459435	32.5266	54.221	3.38287	0.312708	0	
3.996e+07	3.7	0	1101.95	267.083	0.165972	0.880556	984.156	100	348.564	100	302.765	0.772354	30.4117	54.1387	3.17938	0.510486	0	
4.00464e+07	3.655	0	1330.39	267.083	0.204167	0.838889	1327.84	100	322.433	100	358.783	0.983051	30.3497	54.9951	3.00486	0.639306	0	
4.01328e+07	3.6	0	1493.27	267.083	0.219444	0.820833	1472.06	100	301.523	100	379.041	1.07027	30.6187	54.7491	2.91123	0.691944	0	
4.02192e+07	3.6	0	2174.69	267.083	0.352778	0.695833	2500.9	100	363.773	100	594.107	1.75772	30.571	54.5648	2.47047	1.12528	0	
4.03056e+07	3.6	0	1708.77	267.083	0.267361	0.776389	1836.14	100	327.263	100	456.65	1.3155	30.2981	53.9744	2.74525	0.847292	0	
4.0392e+07	3.6	0	960.299	267.083	0.122917	0.916667	685.96	100	295.99	100	229.282	0.559083	30.2542	54.0772	3.22259	0.373958	0	
4.04784e+07	3.6	0	1352.71	267.083	0.227778	0.820139	1478.15	100	358.178	100	399.831	1.09515	29.4735	54.5009	2.87718	0.713333	0	
4.05648e+07	3.6	0	1150.26	267.083	0.219444	0.821528	1469.23	100	306.15	100	380.722	1.06683	30.3453	54.2647	2.89655	0.691389	0	
4.06512e+07	3.585	0	1800.84	267.083	0.222222	0.825694	1429.76	100	357.912	100	390.886	1.06497	30.3379	54.6883	2.88129	0.695	0	
4.07376e+07	3.5	0	1444.43	267.083	0.272917	0.771528	1879.52	100	331.844	100	467.153	1.34114	29.8553	54.2647	2.641	0.865069	0	
4.0824e+07	3.5	0	881.745	267.083	0.113889	0.923611	626.792	100	279.891	100	213.05	0.515242	30.7565	53.8006	3.15792	0.345833	0	
4.09104e+07	3.5	0	1547.23	267.083	0.247917	0.800694	1636.31	100	362.699	100	431.939	1.19824	30.1884	54.3792	2.72023	0.779236	0	
4.09968e+07	3.5	0	1344.33	267.083	0.225	0.820833	1471.58	100	341.84	100	393.881	1.08312	31.5894	54.8315	2.78875	0.705833	0	
4.10832e+07	3.5	0	2009.96	267.083	0.314583	0.729861	2216.1	100	331.352	100	531.296	1.5596	30.5525	54.3962	2.48571	1.00257	0	
4.11696e+07	3.5	0	2056.7	267.083	0.259028	0.785417	1764.72	100	331.229	100	446.023	1.26548	30.1101	54.6431	2.66953	0.819236	0	
4.1256e+07	3.5	0	1363.74	267.083	0.229861	0.813194	1532.59	100	320.758	100	398.684	1.11422	30.3476	54.4368	2.76442	0.724097	0	
4.13424e+07	3.415	0	884.109	267.083	0.157639	0.881944	966.23	100	294.784	100	282.795	0.740457	32.2624	53.8932	2.92828	0.488542	0	
4.14288e+07	3.4	0	359.127	267.083	0.105556	0.938194	504.242	100	325.698	100	205.887	0.45545	32.594	53.134	3.09054	0.313333	0	
4.15152e+07	3.4	0	523.099	267.083	0.109722	0.940278	490.405	100	372.087	100	219.072	0.462713	32.1152	53.8965	3.08097	0.322083	0	
4.16016e+07	3.4	0	606.437	267.083	0.10625	0.931944	556.811	100	284.122	100	201.891	0.471743	30.874	53.7099	3.08105	0.320069	0	
4.1688e+07	3.4	0	413.656	267.083	0.109028	0.934722	534.038	100	325.336	100	211.626	0.473309	30.6293	53.0791	3.07541	0.32125	0	
4.17744e+07	3.4	0	14.25	267.083	0.0465278	1	0	100	345.861	100	117.407	0.137063	29.6127	52.9163	3.28483	0.111667	0	
4.18608e+07	3.4	0	139.172	267.083	0.0958333	0.952778	387.452	100	361.208	100	196.175	0.392036	28.4581	53.5774	3.12059	0.2725	0	
4.19472e+07	3.345	0	550.785	267.083	0.109028	0.929167	579.15	100	283.703	100	206.291	0.485665	29.9968	54.4977	3.01951	0.325417	0	
4.20336e+07	3.3	0	748.416	267.083	0.114583	0.929861	570.228	100	330.01	100	220.387	0.500289	31.8163	53.6519	2.96323	0.338125	0	
4.212e+07	3.3	0	1320.39	267.083	0.215278	0.835417	1343.34	100	376.27	100	382.996	1.01588	30.0274	53.7451	2.63592	0.664792	0	
4.22064e+07	3.3	0	1622.93	267.083	0.240278	0.8	1631.15	100	298.841	100	411.467	1.17135	30.4316	54.6609	2.5418	0.756667	0	
4.22928e+07	3.3	0	1756.38	267.083	0.274306	0.765278	1917.86	100	293.59	100	464.295	1.35166	30.3312	54.4391	2.42553	0.869583	0	
4.23792e+07	3.3	0	1172.7	267.083	0.211806	0.840972	1299.61	100	391.301	100	380.198	0.991733	30.6466	54.0245	2.64145	0.651458	0	
4.24656e+07	3.3	0	688.881	267.083	0.110417	0.928472	582.522	100	288.21	100	208.878	0.490438	29.9826	53.5819	2.96528	0.329375	0	
4.2552e+07	3.275	0	363.799	267.083	0.104861	0.9375	507.641	100	313.835	100	203.433	0.453008	30.9649	53.0224	2.96182	0.307917	0	
4.26384e+07	3.2	0	278.177	267.083	0.107639	0.940972	480.368	100	360.006	100	214.051	0.45293	32.1213	53.7186	2.89108	0.311458	0	
4.27248e+07	3.2	0	17.3687	267.083	0.0486111	1	0	100	359.859	100	122.657	0.142618	32.7423	53.613	3.08285	0.116667	0	
4.28112e+07	3.2	0	154.073	267.083	0.0451389	1	0	100	334.027	100	113.895	0.132382	29.8131	54.6324	3.09076	0.108333	0	
4.28976e+07	3.2	0	355.902	267.083	0.0944444	0.943056	464.658	100	277.395	100	183.11	0.408952	31.8608	53.6486	2.92094	0.277917	0	
4.2984e+07	3.2	0	392.823	267.083	0.109722	0.934028	538.165	100	323.517	100	212.912	0.474522	31.1816	52.9016	2.87465	0.322708	0	
4.30704e+07	3.2	0	297.081	267.083	0.0659722	0.979861	164.432	100	338.795	100	146.988	0.239926	28.5376	52.8851	3.02029	0.176458	0	
4.31568e+07	3.2	0	301.417	267.083	0.103472	0.938889	498.011	100	313.013	100	201.819	0.444634	31.7309	53.0878	2.89195	0.303333	0	
4.32432e+07	3.105	0	239.05	267.083	0.104861	0.942361	465.187	100	348.804	100	207.86	0.440489	32.9667	53.44	2.80515	0.303542	0	
4.33296e+07	3.1	0	118.744	267.083	0.0465278	1	0	100	343.537	100	117.395	0.136155	31.7735	53.1774	2.98856	0.111667	0	
4.3416e+07	3.1	0	127.882	267.083	0.0486111	1	0	100	358.78	100	122.651	0.142198	30.1133	53.6944	2.98296	0.116667	0	
4.35024e+07	3.1	0	521.059	267.083	0.102778	0.933333	542.436	100	266.422	100	194.657	0.454837	30.3263	53.5649	2.79391	0.306667	0	
4.35888e+07	3.1	0	610.24	267.083	0.166667	0.886806	915.046	100	394.375	100	309.66	0.749047	29.9424	54.5306	2.59695	0.501875	0	
4.36752e+07	3.1	0	695.687	267.083	0.102083	0.938889	495.94	100	302.057	100	198.112	0.439633	30.8222	54.0894	2.79751	0.3	0	
4.37616e+07	3.1	0	319.762	267.083	0.1	0.939583	491.563	100	291.716	100	193.796	0.431814	30.6644	53.3876	2.80221	0.294375	0	
4.3848e+07	3.035	0	59.3292	267.083	0.0541667	1	0	100	399.042	100	136.665	0.158159	29.0508	53.9427	2.90569	0.13	0	
4.39344e+07	3	0	209.845	267.083	0.0958333	0.941667	471.187	100	276.147	100	184.708	0.41453	32.1901	53.7681	2.72175	0.2825	0	
4.40208e+07	3	0	272.435	267.083	0.0722222	0.974306	208.971	100	342.505	100	157.372	0.27005	29.0132	52.906	2.80453	0.196458	0	
4.41072e+07	3	0	365.135	267.083	0.0875	0.9625	301.579	100	367.927	100	183.85	0.341828	28.9125	54.5733	2.75704	0.24375	0	
4.41936e+07	3	0	95.9583	267.083	0.0958333	0.942361	463.64	100	280.943	100	185.107	0.412489	32.7019	53.7302	2.71854	0.281875	0	
4.428e+07	3	0	1.91667	267.083	0.0465278	1	0	100	342.118	100	117.389	0.1356	33.605	53.0092	2.88694	0.111667	0	
4.43664e+07	3	0	23.75	267.083	0.0486111	1	0	100	357.297	100	122.644	0.141618	32.2183	53.5114	2.88113	0.116667	0	
4.44528e+07	2.965	0	0	267.083	0.0458333	1	0	100	336.751	100	115.635	0.133475	31.2175	54.583	2.85477	0.11	0	
4.45392e+07	2.9	0	184.049	267.083	0.0451389	1	0	100	331.522	100	113.882	0.131402	28.1125	54.6663	2.79313	0.108333	0	
4.46256e+07	2.9	0	240.951	267.083	0.104167	0.940278	483.383	100	326.299	100	204.801	0.440851	30.923	54.772	2.60073	0.30375	0	
4.4712e+07	2.9	0	0	267.083	0.0451389	1	0	100	331.272	100	113.881	0.131305	29.5823	54.6034	2.79188	0.108333	0	
4.47984e+07	2.9	0	27.8903	267.083	0.0451389	1	0	100	331.147	100	113.881	0.131257	28.6226	54.6776	2.79143	0.108333	0	
4.48848e+07	2.9	0	220.742	267.083	0.0958333	0.941667	470.362	100	275.003	100	184.879	0.412953	32.1022	53.647	2.61794	0.2825	0	
4.49712e+07	2.9	0	476.165	267.083	0.114583	0.9375	503.755	100	381.812	100	228.117	0.476872	31.6184	53.7476	2.56781	0.33125	0	
4.50576e+07	2.895	0	370.041	267.083	0.0986111	0.94375	454.831	100	310.418	100	194.238	0.415877	28.9371	54.6036	2.6054	0.287292	0	
4.5144e+07	2.8	0	404.572	267.083	0.101389	0.940278	483.092	100	305.215	100	197.929	0.431843	32.6983	53.3863	2.50953	0.297083	0	
4.52304e+07	2.8	0	319.173	267.083	0.108333	0.943056	460.481	100	376.288	100	218.162	0.445388	28.8441	53.2308	2.49394	0.31125	0	
4.53168e+07	2.8	0	0	267.083	0.0444444	1	0	100	325.312	100	112.125	0.128948	34.4067	54.6914	2.69422	0.106667	0	
4.54032e+07	2.8	0	0	267.083	0.0451389	1	0	100	330.271	100	113.876	0.130915	33.4592	54.6779	2.69212	0.108333	0	
4.54896e+07	2.8	0	0	267.083	0.0451389	1	0	100	330.145	100	113.876	0.130865	32.5137	54.609	2.69143	0.108333	0	
4.5576e+07	2.8	0	26.7201	267.083	0.0451389	1	0	100	330.02	100	113.875	0.130816	31.4433	54.6285	2.69098	0.108333	0	
4.56624e+07	2.8	0	232.275	267.083	0.105556	0.940278	478.811	100	334.969	100	207.823	0.44294	28.4999	54.5487	2.49154	0.307083	0	
4.57488e+07	2.725	0	381.601	267.083	0.05	0.994444	44.863	100	324.694	100	120.764	0.157548	29.8378	54.576	2.60317	0.125	0	
4.58352e+07	2.7	0	401.279	267.083	0.104861	0.940278	478.725	100	329.643	100	206.087	0.440716	28.8003	54.4687	2.40199	0.305417	0	
4.59216e+07	2.7	0	11.7653	267.083	0.0451389	1	0	100	329.519	100	113.873	0.130621	26.9583	54.6669	2.59324	0.108333	0	
4.6008e+07	2.7	0	284.865	267.083	0.104167	0.940972	472.547	100	329.393	100	204.958	0.436804	30.5658	54.4735	2.40137	0.297222	0	
4.60944e+07	2.7	0	72.3611	267.083	0.0451389	1	0	100	329.268	100	113.871	0.130522	27.7851	54.6476	2.59212	0.108333	0	
4.61808e+07	2.7	0	237.958	267.083	0.0944444	0.943056	458.176	100	273.443	100	182.978	0.403609	32.1956	53.6081	2.42436	0.272222	0	
4.62672e+07	2.7	0	503.549	267.083	0.108333	0.938889	492.322	100	344.213	100	214.127	0.453143	31.2958	52.8863	2.38551	0.308889	0	
4.63536e+07	2.655	0	23.6965	267.083	0.0465278	1	0	100	339.02	100	117.373	0.134389	28.2646	53.2641	2.54451	0.111667	0	
4.644e+07	2.6	0	65.4722	267.083	0.0486111	1	0	100	354.061	100	122.628	0.140353	26.0622	53.5981	2.48625	0.116667	0	
4.65264e+07	2.6	0	126.854	267.083	0.0979167	0.938889	488.232	100	267.974	100	187.148	0.422622	32.8267	53.6102	2.31737	0.283889	0	
4.66128e+07	2.6	0	180.219	267.083	0.0548611	1	0	100	399.293	100	138.393	0.158285	28.5506	54.6221	2.47029	0.131667	0	
4.66992e+07	2.6	0	171.574	267.083	0.0958333	0.942361	460.522	100	277.871	100	185.363	0.408353	32.7235	53.6922	2.32249	0.276111	0	
4.67856e+07	2.6	0	291.008	267.083	0.0840278	0.9625	301.533	100	338.376	100	175.688	0.328031	28.4981	52.7935	2.36666	0.231667	0	
4.6872e+07	2.6	0	328.219	267.083	0.0756944	0.975694	191.189	100	373.588	100	166.609	0.273767	29.1585	54.6906	2.3975	0.201111	0	
4.69584e+07	2.585	0	0	267.083	0.0451389	1	0	100	328.016	100	113.865	0.130034	27.3241	54.6856	2.47834	0.108333	0	
4.70448e+07	2.5	0	0	267.083	0.0451389	1	0	100	327.892	100	113.865	0.129985	26.3749	54.7065	2.39505	0.108333	0	
4.71312e+07	2.5	0	0	267.083	0.0458333	1	0	100	332.809	100	115.616	0.131934	25.4305	54.6608	2.39286	0.11	0	
4.72176e+07	2.5	0	14.25	267.083	0.100694	0.936806	502.704	100	272.194	100	191.957	0.434192	33.4356	53.591	2.20903	0.292222	0	
4.7304e+07	2.5	0	51.8083	267.083	0.0472222	1	0	100	342.642	100	119.118	0.135834	33.5104	52.8873	2.38842	0.113333	0	
4.73904e+07	2.5	0	251.39	267.083	0.0472222	0.999306	5.56992	100	337.471	100	118.445	0.137366	27.1292	53.1847	2.38724	0.113889	0	
4.74768e+07	2.5	0	46.5514	267.083	0.104861	0.945139	439.723	100	362.517	100	211.373	0.426693	33.5869	54.3901	2.20266	0.295556	0	
4.75632e+07	2.5	0	0	267.083	0.0458333	1	0	100	332.173	100	115.613	0.131687	32.7663	54.6394	2.38994	0.11	0	
4.76496e+07	2.415	0	0	267.083	0.0451389	1	0	100	327.015	100	113.86	0.129642	31.8217	54.6258	2.31064	0.108333	0	
4.7736e+07	2.4	0	0	267.083	0.0458333	1	0	100	331.919	100	115.611	0.131586	30.8726	54.6353	2.29346	0.11	0	
4.78224e+07	2.4	0	9.5	267.083	0.0451389	1	0	100	326.765	100	113.859	0.129545	29.7611	54.7013	2.29452	0.108333	0	
4.79088e+07	2.4	0	0	267.083	0.0458333	1	0	100	331.665	100	115.61	0.131487	28.7832	54.6119	2.29235	0.11	0	
4.79952e+07	2.4	0	4.90278	267.083	0.0458333	1	0	100	331.537	100	115.609	0.131437	27.7563	54.6938	2.29177	0.105417	0	
4.80816e+07	2.4	0	6.5875	267.083	0.0451389	1	0	100	326.388	100	113.857	0.129398	26.6566	54.6638	2.29285	0.103819	0	
4.8168e+07	2.4	0	38.0097	267.083	0.0951389	0.94375	446.511	100	281.089	100	184.896	0.400782	33.4248	53.6846	2.12497	0.269444	0	
4.82544e+07	2.345	0	0	267.083	0.0486111	1	0	100	351.234	100	122.614	0.13925	33.2038	53.0908	2.23213	0.111806	0	
4.83408e+07	2.3	0	0	267.083	0.0493056	1	0	100	356.109	100	124.365	0.141183	32.2565	53.7444	2.18608	0.113403	0	
4.84272e+07	2.3	0	0	267.083	0.0458333	1	0	100	330.902	100	115.606	0.13119	31.3108	54.6231	2.19354	0.105417	0	
4.85136e+07	2.3	0	20.3389	267.083	0.0458333	1	0	100	330.774	100	115.606	0.131139	30.3501	54.6772	2.19297	0.105417	0	
4.86e+07	2.3	0	320.413	267.083	0.104167	0.935417	512.669	100	285.559	100	199.682	0.444841	32.2665	53.8125	1.99976	0.297708	0	
4.86864e+07	2.3	0	344.056	267.083	0.109028	0.942361	456.855	100	370.591	100	218.623	0.442781	32.6069	53.9451	1.99317	0.302639	0	
4.87728e+07	2.3	0	326.369	267.083	0.0458333	1	0	100	330.393	100	115.604	0.13099	28.9632	54.5981	2.19128	0.105417	0	
4.88592e+07	2.275	0	296.156	267.083	0.108333	0.9375	496.901	100	330.267	100	212.467	0.45156	30.3381	54.7338	1.96557	0.305417	0	
4.89456e+07	2.2	0	163.294	267.083	0.09375	0.947222	420.693	100	295.124	100	185.384	0.38764	32.423	53.8587	1.93912	0.263125	0	
4.9032e+07	2.2	0	38.0417	267.083	0.0506944	1	0	100	365.017	100	127.863	0.14472	32.6479	53.6849	2.08301	0.116597	0	
4.91184e+07	2.2	0	0	267.083	0.0458333	1	0	100	329.884	100	115.601	0.130792	31.5588	54.6861	2.09367	0.105417	0	
4.92048e+07	2.2	0	0	267.083	0.0458333	1	0	100	329.757	100	115.601	0.130743	30.6133	54.586	2.09297	0.105417	0	
4.92912e+07	2.2	0	18.4479	267.083	0.0458333	1	0	100	329.629	100	115.6	0.130692	29.6523	54.5919	2.09251	0.105417	0	
4.93776e+07	2.2	0	180.219	267.083	0.100694	0.939583	480.575	100	289.563	100	195.467	0.424084	32.9898	53.8537	1.91164	0.285972	0	
4.9464e+07	2.2	0	8.76319	267.083	0.0513889	1	0	100	369.304	100	129.611	0.146424	33.596	53.5165	2.07821	0.118194	0	
4.95504e+07	2.105	0	100.57	267.083	0.0458333	1	0	100	329.249	100	115.598	0.130543	30.668	54.6883	2.00026	0.105417	0	
4.96368e+07	2.1	0	0	267.083	0.0458333	1	0	100	329.121	100	115.598	0.130493	29.4465	54.6353	1.99481	0.105417	0	
4.97232e+07	2.1	0	26.2688	267.083	0.0458333	1	0	100	328.995	100	115.597	0.130445	28.4844	54.6509	1.99424	0.105417	0	
4.98096e+07	2.1	0	240.872	267.083	0.100694	0.938194	488.035	100	279.04	100	193.58	0.42649	31.6771	53.6614	1.81202	0.287222	0	
4.9896e+07	2.1	0	28.484	267.083	0.0493056	1	0	100	353.653	100	124.353	0.140223	30.6544	53.035	1.98508	0.113403	0	
4.99824e+07	2.1	0	3.79167	267.083	0.05	1	0	100	358.49	100	126.104	0.142141	29.6281	53.8667	1.98274	0.115	0	
5.00688e+07	2.1	0	59.3444	267.083	0.0458333	1	0	100	328.485	100	115.594	0.130244	28.175	54.6137	1.99194	0.105417	0	
5.01552e+07	2.035	0	224.864	267.083	0.107639	0.938194	488.726	100	328.358	100	211.359	0.445614	31.5875	54.5384	1.73306	0.303194	0	
5.02416e+07	2	0	28.5	267.083	0.0458333	1	0	100	328.232	100	115.593	0.130147	30.4519	54.6174	1.8955	0.105417	0	
5.0328e+07	2	0	0	267.083	0.0465278	1	0	100	333.076	100	117.344	0.132068	29.4103	54.5903	1.89321	0.107014	0	
5.04144e+07	2	0	0	267.083	0.0458333	1	0	100	327.977	100	115.592	0.130046	28.4625	54.6361	1.89435	0.105417	0	
5.05008e+07	2	0	0	267.083	0.0458333	1	0	100	327.85	100	115.591	0.129996	27.5174	54.6342	1.89367	0.105417	0	
5.05872e+07	2	0	0	267.083	0.0465278	1	0	100	332.689	100	117.342	0.131916	26.5688	54.5886	1.89159	0.107014	0	
5.06736e+07	2	0	0	267.083	0.0458333	1	0	100	327.596	100	115.59	0.129897	25.6244	54.6679	1.89251	0.105417	0	
5.076e+07	1.965	0	0	267.083	0.0465278	1	0	100	332.43	100	117.341	0.131815	24.6751	54.6329	1.85785	0.107014	0	
5.08464e+07	1.9	0	0	267.083	0.0458333	1	0	100	327.341	100	115.589	0.129799	23.7308	54.648	1.79607	0.105417	0	
5.09328e+07	1.9	0	0	267.083	0.0465278	1	0	100	332.172	100	117.339	0.131714	22.7822	54.6574	1.79392	0.107014	0	
5.10192e+07	1.9	0	0.0319444	267.083	0.0465278	0.999306	5.48601	99.9306	327.087	100	116.666	0.133229	21.8372	54.6448	1.79272	0.107639	0	
5.11056e+07	1.9	0	37.1465	267.083	0.0875	0.959028	323.673	97.9167	331.914	100	181.001	0.339922	26.9627	54.7119	1.66163	0.238125	0	
5.1192e+07	1.9	0	45.4882	267.083	0.0972222	0.942361	450.14	100	282.265	100	188.397	0.404858	33.2115	53.7985	1.62386	0.275486	0	
5.12784e+07	1.9	0	0	267.083	0.0493056	1	0	100	351.463	100	124.342	0.139365	33.3953	53.1377	1.78524	0.113403	0	
5.13648e+07	1.895	0	0	267.083	0.0493056	1	0	100	351.322	100	124.341	0.139311	32.449	53.9836	1.77963	0.113403	0	
5.14512e+07	1.8	0	17.2417	267.083	0.0465278	1	0	100	331.398	100	117.336	0.131412	31.4865	54.5836	1.69507	0.107014	0	
5.15376e+07	1.8	0	133.883	267.083	0.0465278	1	0	100	331.268	100	117.335	0.13136	27.8581	54.655	1.6946	0.107014	0	
5.1624e+07	1.8	0	0	267.083	0.0458333	1	0	100	326.197	100	115.583	0.12935	26.4843	54.7012	1.6955	0.105417	0	
5.17104e+07	1.8	0	0	267.083	0.0465278	1	0	100	331.011	100	117.334	0.13126	25.539	54.5834	1.69345	0.107014	0	
5.17968e+07	1.8	0	0	267.083	0.0465278	1	0	100	330.881	100	117.333	0.131209	24.5913	54.6441	1.69274	0.107014	0	
5.18832e+07	1.8	0	0	267.083	0.0465278	1	0	100	330.752	100	117.332	0.131158	23.6453	54.6953	1.69228	0.107014	0	
5.19696e+07	1.8	0	19	267.083	0.1125	0.925	587.232	98.8889	266.473	100	210.474	0.485647	33.0587	53.5633	1.47264	0.325	0	
5.2056e+07	1.725	0	0	267.083	0.0479167	1	0	100	340.373	100	120.834	0.134975	33.4969	52.9592	1.61673	0.110208	0	
5.21424e+07	1.7	0	152.537	267.083	0.0493056	1	0	100	350.096	100	124.335	0.138833	31.5543	53.0425	1.58892	0.113403	0	
5.22288e+07	1.7	0	292.677	267.083	0.108333	0.936111	500.049	100	315.454	100	210.884	0.448427	32.445	53.1542	1.40124	0.300278	0	
5.23152e+07	1.7	0	352.751	267.083	0.0777778	0.973611	207.333	100	364.601	100	170.58	0.278056	28.1355	53.2478	1.50115	0.2	0	
5.24016e+07	1.7	0	324.983	267.083	0.09375	0.954167	358.913	100	339.83	100	191.795	0.366575	30.4216	54.6194	1.44821	0.252292	0	
5.2488e+07	1.7	0	268.099	267.083	0.102083	0.9375	486.1	100	280.618	100	195.965	0.427263	32.0373	53.7117	1.40896	0.284792	0	
5.25744e+07	1.7	0	194.494	267.083	0.0486111	1	0	100	344.491	100	122.581	0.136613	27.769	53.0847	1.58746	0.111806	0	
5.26608e+07	1.655	0	30.4167	267.083	0.102778	0.943056	446.397	100	324.677	100	203.936	0.416441	32.516	53.2355	1.36876	0.281944	0	
5.27472e+07	1.6	0	0	267.083	0.0513889	1	0	100	363.887	100	129.584	0.144306	33.8374	53.5256	1.48501	0.118194	0	
5.28336e+07	1.6	0	3.83333	267.083	0.0472222	1	0	100	334.248	100	119.076	0.132553	32.823	54.619	1.49375	0.108611	0	
5.292e+07	1.6	0	0	267.083	0.0465278	1	0	100	329.203	100	117.325	0.130553	31.8635	54.6932	1.4946	0.107014	0	
5.30064e+07	1.6	0	14.4819	267.083	0.0465278	1	0	100	329.074	100	117.324	0.130502	30.8297	54.6716	1.49414	0.107014	0	
5.30928e+07	1.6	0	54.9347	267.083	0.0465278	1	0	100	328.945	100	117.324	0.130453	28.7046	54.6503	1.49356	0.107014	0	
5.31792e+07	1.6	0	18.0417	267.083	0.0465278	1	0	100	328.816	100	117.323	0.130402	27.3016	54.6183	1.49299	0.107014	0	
5.32656e+07	1.585	0	1.91667	267.083	0.0465278	1	0	100	328.688	100	117.322	0.130351	26.2324	54.624	1.47965	0.107014	0	
5.3352e+07	1.5	0	0	267.083	0.0472222	1	0	100	333.462	100	119.073	0.132245	25.2824	54.6642	1.39492	0.108611	0	
5.34384e+07	1.5	0	106.949	267.083	0.0784722	0.958333	325.917	99.9306	259.804	100	157.517	0.312889	29.9282	53.5687	1.28852	0.213819	0	
5.35248e+07	1.5	0	826.22	267.083	0.182639	0.871528	1002.21	100	382.215	100	335.673	0.7983	30.2639	53.7938	0.979986	0.522847	0	
5.36112e+07	1.5	0	372.885	267.083	0.0777778	0.970833	227.909	100	342.867	100	167.868	0.282733	27.6376	54.2547	1.2996	0.202222	0	
5.36976e+07	1.5	0	438.38	267.083	0.107639	0.931944	529.646	100	279.082	100	205.081	0.453081	29.3567	53.6478	1.19892	0.302014	0	
5.3784e+07	1.5	0	382.669	267.083	0.1125	0.935417	501.872	100	337.71	100	220.613	0.458734	31.6819	52.8335	1.19028	0.310417	0	
5.38704e+07	1.5	0	288.188	267.083	0.110417	0.936111	494.376	100	327.792	100	215.653	0.451199	32.2586	53.0482	1.18863	0.305069	0	
5.39568e+07	1.415	0	160.247	267.083	0.0493056	1	0	100	347.224	100	124.321	0.137709	31.6369	53.2244	1.30603	0.113403	0	
5.40432e+07	1.4	0	953.328	267.083	0.178472	0.86875	1017.41	100	332.417	100	321.602	0.791158	29.9965	53.2339	0.888063	0.515486	0	
5.41296e+07	1.4	0	779.615	267.083	0.161806	0.88125	922.901	100	302.97	100	292.341	0.716496	28.9901	53.3614	0.935604	0.467153	0	
5.4216e+07	1.4	0	377.27	267.083	0.0888889	0.960417	308.573	100	346.814	100	185.785	0.336266	29.9227	52.9094	1.16647	0.233542	0	
5.43024e+07	1.4	0	241.347	267.083	0.10625	0.939583	466.027	100	322.262	100	208.425	0.431015	32.4544	53.1656	1.10913	0.288125	0	
5.43888e+07	1.4	0	332.782	267.083	0.0743056	0.977083	178.475	100	361.179	100	165.154	0.258188	27.3191	53.2596	1.21205	0.184097	0	
5.44752e+07	1.4	0	205.911	267.083	0.103472	0.938194	481.139	100	292.731	100	200.994	0.426063	32.3339	53.5819	1.11315	0.283264	0	
5.45616e+07	1.345	0	167.793	267.083	0.0493056	1	0	100	346.266	100	124.316	0.137334	31.5699	53.092	1.23547	0.108472	0	
5.4648e+07	1.3	0	558.39	267.083	0.109722	0.934722	506.419	100	312.004	100	213.109	0.450891	30.2714	53.2635	0.999486	0.300139	0	
5.47344e+07	1.3	0	995.197	267.083	0.197917	0.85	1165.15	100	336.253	100	353.405	0.884779	29.8635	53.8719	0.728625	0.570417	0	
5.48208e+07	1.3	0	397.883	267.083	0.109028	0.936806	487.804	100	321.501	100	212.964	0.443994	31.371	52.9967	1.00163	0.296736	0	
5.49072e+07	1.3	0	124.522	267.083	0.0493056	1	0	100	345.72	100	124.314	0.137121	28.1814	52.9869	1.1893	0.108472	0	
5.49936e+07	1.3	0	88.1688	267.083	0.108333	0.939583	466.273	100	335.848	100	213.978	0.435573	33.261	53.7662	1.00448	0.292708	0	
5.508e+07	1.3	0	329.493	267.083	0.0680556	0.983333	129.411	100	360.041	100	155.44	0.226156	30.5125	54.6489	1.13173	0.164722	0	
5.51664e+07	1.275	0	597.604	267.083	0.159028	0.8875	869.331	100	325.849	100	291.141	0.69185	33.1055	54.9222	0.822354	0.451111	0	
5.52528e+07	1.2	0	208.04	267.083	0.0472222	1	0	100	330.58	100	119.058	0.131118	29.1684	54.6685	1.09634	0.103889	0	
5.53392e+07	1.2	0	306.475	267.083	0.10625	0.940972	455.114	100	330.449	100	210.131	0.426042	31.618	54.6621	0.913125	0.286875	0	
5.54256e+07	1.2	0	416.807	267.083	0.107639	0.932639	520.601	100	281.742	100	205.76	0.448261	31.5688	53.7488	0.902569	0.297431	0	
5.5512e+07	1.2	0	182.377	267.083	0.0493056	1	0	100	344.762	100	124.309	0.136746	27.4381	53.1578	1.09153	0.108472	0	
5.55984e+07	1.2	0	41.2868	267.083	0.0715278	0.979861	156.028	100	359.182	100	160.824	0.242976	26.0317	53.7218	1.02451	0.175486	0	
5.56848e+07	1.2	0	507.89	267.083	0.117361	0.930556	534.99	100	334.776	100	228.013	0.479331	29.9939	54.5359	0.874514	0.320694	0	
5.57712e+07	1.2	0	769.581	267.083	0.198611	0.848611	1168.55	100	329.787	100	353.328	0.88593	29.2864	53.6582	0.622083	0.573194	0	
5.58576e+07	1.105	0	1099.48	267.083	0.19375	0.853472	1129.34	100	329.659	100	345.55	0.861362	30.3992	54.1156	0.561528	0.558125	0	
5.5944e+07	1.1	0	1207.31	267.083	0.170139	0.871528	990.167	100	290.764	100	303.693	0.755708	30.0975	54.0614	0.610069	0.489931	0	
5.60304e+07	1.1	0	1326.38	267.083	0.225694	0.827083	1331.74	100	368.16	100	400.316	1.00767	30.7544	54.0417	0.447847	0.652153	0	
5.61168e+07	1.1	0	1441.86	267.083	0.241667	0.804861	1504.7	100	324.429	100	419.371	1.10073	30.4256	54.9378	0.392708	0.707292	0	
5.62032e+07	1.1	0	1372.53	267.083	0.236806	0.811111	1456.39	100	333.979	100	413.283	1.07304	30.434	54.5003	0.409028	0.690972	0	
5.62896e+07	1.1	0	957.119	267.083	0.169444	0.870139	1001.26	100	275.787	100	300.947	0.755786	28.6213	53.7321	0.610347	0.489653	0	
5.6376e+07	1.1	0	729.172	267.083	0.153472	0.89375	814.461	100	328.896	100	282.733	0.659144	29.9813	54.4089	0.662847	0.433264	0	
5.64624e+07	1.035	0	809.835	267.083	0.164583	0.88125	914.963	100	319.09	100	299.483	0.71728	30.6896	53.0327	0.569236	0.468958	0	
5.65488e+07	1	0	315.332	267.083	0.120833	0.935417	497.872	100	391.448	100	241.955	0.476345	29.918	53.2148	0.6825	0.323958	0	
5.66352e+07	1	0	1450.7	267.083	0.1875	0.855556	1110.59	100	299.504	100	331.988	0.836739	30.5197	54.6499	0.459444	0.5425	0	
5.67216e+07	1	0	1781.96	267.083	0.29375	0.753472	1897.43	100	328.364	100	500.904	1.35524	30.4865	54.3987	0.131875	0.868125	0	
5.6808e+07	0.993646	0	1704.28	267.083	0.272222	0.775	1726.5	100	328.235	100	466.636	1.24779	30.4085	54.5525	0.193931	0.801389	0	
5.68944e+07	0.979194	0	825.313	267.083	0.183333	0.869444	1004.89	100	366.695	100	335.422	0.793746	31.3364	53.9678	0.461639	0.520833	0	
5.69808e+07	0.965549	0	292.897	267.083	0.104167	0.942361	444.007	100	323.137	100	206.747	0.414279	31.7713	54.8122	0.687875	0.281042	0	
5.70672e+07	0.952847	0	176.802	267.083	0.0479167	1	0	100	332.65	100	120.796	0.131954	30.0235	54.5703	0.845035	0.105417	0	
5.71536e+07	0.93759	0	774.897	267.083	0.168056	0.870139	995.736	100	265.052	100	297.04	0.74925	30.3597	53.6755	0.457396	0.486597	0	
5.724e+07	0.92475	0	1044.48	267.083	0.170139	0.886806	867.404	100	395.024	100	318.504	0.717914	30.0417	54.4459	0.455632	0.476181	0	
5.73264e+07	0.911396	0	1729.39	267.083	0.288889	0.748611	1929.93	100	260.031	100	483.915	1.34914	30.4658	54.6932	0.0611875	0.861806	0	
5.74128e+07	0.896646	0	1063.96	267.083	0.196528	0.859722	1075.25	100	389.896	100	358.808	0.849728	29.9028	54.249	0.338507	0.558611	0	
5.74992e+07	0.883944	0	864.398	267.083	0.1625	0.886111	871.108	100	336.8	100	298.409	0.697724	30.8708	54.7824	0.426097	0.46	0	
5.75856e+07	0.869799	0	230.178	267.083	0.108333	0.938889	468.325	100	327.043	100	213.626	0.432316	31.2933	54.4922	0.579875	0.293333	0	
5.7672e+07	0.855847	0	982.883	267.083	0.139583	0.903472	740.836	100	298.07	100	258.23	0.595962	29.8459	54.1935	0.468021	0.393958	0	
5.77584e+07	0.843146	0	1612.87	267.083	0.265972	0.778472	1695	100	307.575	100	454.621	1.21807	30.5428	54.4985	0.0701319	0.784514	0	
5.78448e+07	0.828194	0	1331.6	267.083	0.261806	0.79375	1575.25	100	384.307	100	458.548	1.17253	30.7928	54.0286	0.080125	0.761597	0	
5.79312e+07	0.815049	0	816.492	267.083	0.140278	0.907639	708.498	100	331.321	100	264.099	0.58805	29.3533	54.5992	0.430514	0.391736	0	
5.80176e+07	0.801993	0	377.005	267.083	0.102778	0.936806	479.883	100	273.591	100	196.869	0.420892	30.5915	53.6006	0.524674	0.282986	0	
5.8104e+07	0.786944	0	341.303	267.083	0.105556	0.940278	455.469	100	316.677	100	207.726	0.420688	30.817	53.1735	0.502167	0.28	0	
5.81904e+07	0.77425	0	462.954	267.083	0.113889	0.939583	458.875	100	369.31	100	227.706	0.444885	30.4026	54.1626	0.472514	0.298889	0	
5.82768e+07	0.760396	0	1073.97	267.083	0.177083	0.868056	1010.1	100	311.618	100	318.388	0.775016	30.0853	53.1326	0.259194	0.495139	0	
5.83632e+07	0.746146	0	1039.52	267.083	0.199306	0.855556	1105.1	100	378.588	100	362.2	0.863091	30.5394	54.2339	0.187889	0.554028	0	
5.84496e+07	0.733444	0	1205.76	267.083	0.258333	0.789583	1604.19	100	330.52	100	445.965	1.16916	30.385	54.1649	-0.0103264	0.736667	0	
5.8536e+07	0.718799	0	1826.21	267.083	0.284722	0.758333	1844.84	100	296.875	100	482.638	1.30951	30.2047	54.5147	-0.105486	0.819722	0	
5.86224e+07	0.705347	0	1516.88	267.083	0.201389	0.842361	1195.75	100	301.553	100	352.835	0.896762	30.4311	54.3368	0.135118	0.569167	0	
5.87088e+07	0.69259	0	1654.86	267.083	0.267361	0.779861	1675.7	100	325.363	100	459.05	1.21398	30.4749	54.3588	-0.0698333	0.764306	0	
5.87952e+07	0.67725	0	1334.97	267.083	0.270139	0.784722	1637.81	100	377.835	100	470.739	1.21045	30.6946	54.5288	-0.104507	0.766528	0	
5.88816e+07	0.664549	0	1338.88	267.083	0.204167	0.836111	1247.55	100	277.279	100	354.86	0.917079	30.0463	53.6919	0.0752222	0.580278	0	
5.8968e+07	0.650993	0	1962.04	267.083	0.352083	0.705556	2240.97	100	396.644	100	600.526	1.6068	30.7246	54.4901	-0.370931	1.01014	0	
5.90544e+07	0.636444	0	2940.49	267.083	0.445139	0.603472	3020.23	100	334.367	100	736.291	2.08391	30.293	54.2915	-0.670958	1.29653	0	
5.91408e+07	0.62375	0	3147.49	267.083	0.466667	0.58125	3189.62	100	329.456	100	769.19	2.1906	30.3329	54.3783	-0.746493	1.36167	0	
5.92272e+07	0.609396	0	3024.19	267.083	0.449306	0.598611	3055.52	100	329.323	100	742.15	2.10444	30.3354	54.2578	-0.703396	1.30958	0	
5.93136e+07	0.595646	0	2985.36	267.083	0.45	0.597917	3060.48	100	329.187	100	743.393	2.10705	30.3388	53.7511	-0.713486	1.31167	0	
5.94e+07	0.582944	0	3083.04	267.083	0.456944	0.586111	3148.47	100	295.678	100	749.261	2.15108	30.2274	54.2319	-0.75434	1.33639	0	
5.94864e+07	0.567799	0	2545.76	267.083	0.371528	0.68125	2424.68	100	362.302	100	626.652	1.70944	29.9867	53.9271	-0.524188	1.07236	0	
5.95728e+07	0.554847	0	2994.53	267.083	0.458333	0.579167	3202.2	100	257.325	100	746.66	2.16851	30.0815	54.5289	-0.811514	1.345	0	
5.96592e+07	0.54159	0	2276.35	267.083	0.327778	0.723611	2100.99	100	352.498	100	557.544	1.49655	30.0854	53.6574	-0.409174	0.942222	0	
5.97456e+07	0.52675	0	1403.92	267.083	0.234722	0.815972	1396.76	100	347.591	100	412.429	1.04091	30.8513	54.6782	-0.13791	0.663611	0	
5.9832e+07	0.514049	0	1346.02	267.083	0.227083	0.825	1330.02	100	356.959	100	402.424	1.00003	30.0947	54.3278	-0.125875	0.639583	0	
5.99184e+07	0.499993	0	1539.37	267.083	0.2625	0.776389	1694.99	100	266.423	100	443.698	1.20215	30.1704	54.351	-0.256736	0.756389	0	
6.00048e+07	0.485944	0	1737.57	267.083	0.305556	0.742361	1947.51	100	328.154	100	518.101	1.39302	30.3928	54.0844	-0.387806	0.878333	0	
6.00912e+07	0.47325	0	1893.56	267.083	0.315278	0.740278	1968.57	100	380.306	100	541.805	1.42343	30.2642	54.3006	-0.419785	0.901389	0	
6.01776e+07	0.458396	0	1853.02	267.083	0.26875	0.781944	1649.63	100	346.874	100	464.577	1.20564	30.0028	54.374	-0.317458	0.765694	0	
6.0264e+07	0.445146	0	2312.72	267.083	0.393056	0.654861	2613.88	100	327.732	100	654.626	1.81991	30.337	54.782	-0.70859	1.14083	0	
6.03504e+07	0.432194	0	2607.71	267.083	0.388889	0.649306	2659.05	100	261.134	100	639.563	1.82001	29.8894	53.9567	-0.712382	1.13611	0	
6.04368e+07	0.417049	0	2819.77	267.083	0.427083	0.620833	2870.86	100	327.489	100	707.552	1.98502	30.0292	53.841	-0.828236	1.24292	0	
6.05232e+07	0.404347	0	2359.45	267.083	0.35	0.699306	2273.77	100	336.843	100	589.169	1.60431	30.229	53.762	-0.604153	1.00694	0	
6.06096e+07	0.39059	0	2573.68	267.083	0.375	0.682639	2398.56	100	393.605	100	635.864	1.70779	30.3331	54.3926	-0.684757	1.07312	0	
6.0696e+07	0.37625	0	2362.76	267.083	0.3625	0.686111	2374.56	100	331.805	100	608.358	1.66579	30.3255	54.3661	-0.664222	1.04375	0	
6.07824e+07	0.363549	0	2306.23	267.083	0.385417	0.652083	2631.62	100	255.87	100	633.159	1.80131	30.1003	54.6623	-0.748924	1.1225	0	
6.08688e+07	0.348993	0	2703.55	267.083	0.385417	0.673611	2468.36	100	402.598	100	654.191	1.75375	29.8852	54.1212	-0.769146	1.10312	0	
6.09552e+07	0.335444	0	3782.42	267.083	0.583333	0.454861	4124.32	100	260.396	100	941.046	2.76474	29.8672	54.7226	-1.40099	1.71562	0	
6.10416e+07	0.32275	0	3607.5	267.083	0.535417	0.513194	3681.53	100	331.289	100	876.886	2.50719	30.1008	53.7062	-1.25225	1.5625	0	
6.1128e+07	0.307396	0	3450.57	267.083	0.504861	0.552778	3375.17	100	392.643	100	837.106	2.33759	30.2365	53.8576	-1.1591	1.46271	0	
6.12144e+07	0.294646	0	3523.67	267.083	0.530556	0.516667	3649.9	100	321.541	100	867.438	2.48469	30.1028	54.3174	-1.25187	1.54917	0	
6.13008e+07	0.281194	0	2807.85	267.083	0.4375	0.6125	2920.09	100	340.316	100	725.007	2.02409	30.3293	54.0658	-0.982681	1.2675	0	
6.13872e+07	0.266549	0	2190.77	267.083	0.352083	0.696528	2285.91	100	330.724	100	591.598	1.61008	30.0825	53.8718	-0.738736	1.0125	0	
6.14736e+07	0.253847	0	804.697	267.083	0.1375	0.90625	707.146	100	297.538	100	255.43	0.574733	29.9331	54.7504	-0.11691	0.373125	0	
6.156e+07	0.23959	0	1775.81	267.083	0.288194	0.764583	1773.68	100	358.788	100	497.253	1.28873	29.7908	53.9197	-0.580458	0.817083	0	
6.16464e+07	0.22575	0	2735.14	267.083	0.40625	0.631944	2776.22	100	259.547	100	666.572	1.89464	29.9578	54.1941	-0.968806	1.18437	0	
6.17328e+07	0.213049	0	2420.74	267.083	0.407639	0.643056	2683.47	100	344.365	100	679.222	1.87357	30.3328	54.2119	-0.969465	1.17729	0	
6.18192e+07	0.197993	0	2444.75	267.083	0.359722	0.686806	2358.09	100	315.931	100	602.044	1.6488	29.8672	54.1341	-0.838069	1.03729	0	
6.19056e+07	0.184944	0	2694.41	267.083	0.438889	0.620139	2858.37	100	400.631	100	736.591	2.00607	30.3192	53.7551	-1.07223	1.26354	0	
6.1992e+07	0.171799	0	2039.3	267.083	0.286806	0.751389	1865.93	100	259.12	100	480.12	1.31129	30.7813	53.7303	-0.650201	0.826042	0	
6.20784e+07	0.156847	0	1271.37	267.083	0.245139	0.813194	1404.79	100	395.599	100	436.115	1.06468	30.0567	54.4754	-0.521403	0.682917	0	
6.21648e+07	0.144146	0	2128.45	267.083	0.316667	0.731944	2014.22	100	329.517	100	537.191	1.43276	30.2724	54.6828	-0.749132	0.90625	0	
6.22512e+07	0.130194	0	3197.62	267.083	0.488194	0.550694	3379.43	100	263.511	100	794.007	2.28616	29.951	54.1886	-1.29404	1.42958	0	
6.23376e+07	0.116049	0	3223.88	267.083	0.510417	0.544444	3424.12	100	371.594	100	843.72	2.35858	30.2623	53.6922	-1.37356	1.48187	0	
6.2424e+07	0.102729	0	2685.91	267.083	0.409722	0.634028	2746.52	100	296.21	100	676.325	1.8932	30.4522	53.8354	-1.08778	1.18979	0	
6.25104e+07	0.0890382	0	2470.9	267.083	0.340278	0.714583	2137.26	100	371.291	100	578.915	1.53164	30.414	54.4726	-0.878458	0.971458	0	
6.25968e+07	0.0753451	0	3215.42	267.083	0.509028	0.531944	3514.44	100	277.179	100	828.117	2.37932	29.92	54.4026	-1.40218	1.49021	0	
6.26832e+07	0.0616319	0	3186.25	267.083	0.482639	0.566667	3251.53	100	333.429	100	795.129	2.23254	29.9825	54.4243	-1.32728	1.40354	0	
6.27696e+07	0.0479396	0	2050.8	267.083	0.311111	0.747917	1887.74	100	398.996	100	538.391	1.37963	30.1131	54.3185	-0.821783	0.880208	0	
6.2856e+07	0.0342472	0	3104.14	267.083	0.460417	0.577778	3163.95	100	258.065	100	749.535	2.14729	30.0219	54.543	-1.28614	1.34687	0	
6.29424e+07	0.020541	0	3434.7	267.083	0.540972	0.508333	3684.87	100	333.015	100	885.377	2.51247	29.9737	53.8469	-1.54073	1.57854	0	
