43230	10	0	3612.93	801.25	1	1	9579.82	100	8773.48	100	1641.36	5.90927	30.1196	54.4523	8.26951	3.93044	0	
129630	10	0	3781.43	801.25	1	1	9571.08	100	8770.7	100	1666.12	5.83712	30.2171	55.1094	8.32889	3.90649	0	
216030	10	0	4438.75	801.25	1	1	9575.71	100	8767.63	100	1639.57	5.91135	30.2822	55.0233	8.00382	3.93228	0	
302430	9.965	0	3472.52	801.25	1	1	9572.93	100	8764.89	100	1653.84	5.87047	30.3685	54.9332	8.45271	3.91892	0	
388830	9.9	0	2646.3	801.25	1	1	9558.74	100	8762.07	100	1679.3	5.79432	30.335	54.1244	8.55076	3.89359	0	
475230	9.9	0	2088.78	801.25	1	1	9522.87	100	8759.2	100	1691.98	5.74507	30.2922	54.1886	8.91181	3.87738	0	
561630	9.9	0	1946.38	801.25	1	1	9555.41	100	8756.65	100	1694.72	5.74955	30.0854	53.9062	8.91396	3.87951	0	
648030	9.9	0	2460.6	801.25	1	1	9550.21	100	8753.95	100	1708.52	5.70917	30.6822	54.686	8.7616	3.86627	0	
734430	9.9	0	2073.28	801.25	1	1	9526.8	100	8750.79	100	1702.66	5.71562	30.2996	53.8078	8.88437	3.86905	0	
820830	9.9	0	2108.88	801.25	1	1	9540.31	100	8748.16	100	1685.75	5.76645	30.3073	54.5405	8.84729	3.88692	0	
907230	9.895	0	1215.16	801.25	1	1	9521.9	100	8745.5	100	1839.82	5.33851	30.106	54.5262	9.37174	3.74158	0	
993630	9.8	0	2159.67	801.25	1	1	9514.99	100	8742.72	100	1689.43	5.74541	30.5772	54.6699	8.82514	3.88081	0	
1.08003e+06	9.8	0	1643.46	801.25	1	1	9546.76	100	8740.2	100	1711.54	5.69665	30.2924	54.3574	8.92507	3.86472	0	
1.16643e+06	9.8	0	2085.15	801.25	1	1	9509.19	100	8737.32	100	1718.97	5.66147	30.0792	54.2562	8.71625	3.85333	0	
1.25283e+06	9.8	0	2538.7	801.25	1	1	9524.41	100	8734.25	100	1695.18	5.73156	30.1933	54.7941	8.70937	3.87778	0	
1.33923e+06	9.8	0	1998.98	801.25	1	1	9534.29	100	8731.48	100	1693.96	5.73813	30.0747	55.0025	8.70319	3.88059	0	
1.42563e+06	9.8	0	2286.67	801.25	1	1	9515.57	100	8728.72	100	1700.36	5.71278	30.3926	54.5683	8.83187	3.8725	0	
1.51203e+06	9.8	0	3069.02	801.25	1	1	9518.67	100	8726.09	100	1654.51	5.83853	30.1831	54.5037	8.25535	3.91602	0	
1.59843e+06	9.725	0	2573.75	801.25	1	1	9523.52	100	8723.3	100	1688.52	5.74703	30.4977	54.7334	8.49847	3.88531	0	
1.68483e+06	9.7	0	2465.23	801.25	1	1	9527.84	100	8720.31	100	1701.62	5.71222	29.7472	54.2233	8.66618	3.87405	0	
1.77123e+06	9.7	0	3419.54	801.25	1	1	9520.52	100	8717.73	100	1633.08	5.89615	30.1058	54.1847	8.04868	3.93742	0	
1.85763e+06	9.7	0	3290.42	801.25	1	1	9508.84	100	8715.28	100	1676.42	5.77252	30.3778	54.9695	8.25264	3.8957	0	
1.94403e+06	9.7	0	3124.84	801.25	1	1	9505.73	100	8712.39	100	1646.55	5.85214	30.2917	54.3116	8.19326	3.92351	0	
2.03043e+06	9.7	0	3038.38	801.25	1	1	9492.03	100	8709.67	100	1690.44	5.72656	30.5804	55.0057	8.37396	3.8811	0	
2.11683e+06	9.7	0	2708.55	801.25	1	1	9508.88	100	8706.53	100	1679.05	5.7636	30.0991	54.5873	8.41	3.89434	0	
2.20323e+06	9.655	0	3198.94	801.25	1	1	9490.92	100	8703.63	100	1660.73	5.80578	30.2159	54.056	8.18931	3.90934	0	
2.28963e+06	9.6	0	3511.87	801.25	1	1	9495.66	100	8701.07	100	1634.62	5.87827	30.4036	54.1199	8.05813	3.93472	0	
2.37603e+06	9.6	0	2389.59	801.25	1	1	9492.39	100	8698.53	100	1711.15	5.66793	30.0517	54.838	8.44382	3.86327	0	
2.46243e+06	9.6	0	3546.94	801.25	1	1	9498.06	100	8695.35	100	1649.87	5.83654	30.4728	54.4169	7.91722	3.92161	0	
2.54883e+06	9.6	0	3809.22	801.25	1	1	9495.24	100	8692.64	100	1645.73	5.84612	30.5367	54.7903	7.78993	3.92545	0	
2.63523e+06	9.6	0	3292.68	801.25	1	1	9494.59	100	8689.84	100	1670.54	5.77764	29.9521	54.7794	8.22326	3.90256	0	
2.72163e+06	9.6	0	2742.77	801.25	1	1	9488.75	100	8687.01	100	1665.61	5.78817	30.5567	54.3368	8.18653	3.90672	0	
2.80803e+06	9.585	0	2264.23	801.25	1	1	9453.63	100	8684.28	100	1689.3	5.7093	30.4916	54.4665	8.49896	3.8803	0	
2.89443e+06	9.5	0	2048.18	801.25	1	1	9479.04	100	8681.53	100	1703.9	5.67885	30.276	54.4843	8.49979	3.87042	0	
2.98083e+06	9.5	0	1460.92	801.25	1	1	9446.46	100	8678.75	100	1758.31	5.51849	29.9777	54.6017	8.80583	3.81599	0	
3.06723e+06	9.5	0	2380.2	801.25	1	1	9462.66	100	8676.09	100	1685.54	5.72123	30.4152	54.8871	8.45847	3.88608	0	
3.15363e+06	9.5	0	2828.04	801.25	1	1	9461.78	100	8673.27	100	1674.33	5.75075	30.1883	54.0127	8.09674	3.89675	0	
3.24003e+06	9.5	0	3065.64	801.25	1	1	9460.91	100	8670.55	100	1650.98	5.81318	30.2254	55.0359	8.02229	3.91878	0	
3.32643e+06	9.5	0	2042.43	801.25	1	1	9428.34	100	8667.82	100	1739.14	5.56134	30.4779	54.693	8.64028	3.75449	0	
3.41283e+06	9.5	0	1960.23	801.25	1	1	9469.52	100	8664.88	100	1710.18	5.65459	29.7092	54.5556	8.53097	3.78033	0	
3.49923e+06	9.415	0	2086.55	801.25	1	1	9443.09	100	8662.15	100	1691.81	5.69367	30.0183	54.0822	8.43007	3.79276	0	
3.58563e+06	9.4	0	2061.81	801.25	1	1	9444.21	100	8659.49	100	1704.93	5.65798	29.8153	53.7371	8.42146	3.78235	0	
3.67203e+06	9.4	0	2306.32	801.25	1	1	9461.9	100	8656.76	100	1684.25	5.7204	30.5151	53.5556	8.30521	3.80192	0	
3.75843e+06	9.4	0	2819.48	801.25	1	1	9445.32	100	8654.02	100	1678.12	5.72986	30.5911	54.2394	7.97194	3.80536	0	
3.84483e+06	9.4	0	3163.35	801.25	1	1	9443.6	100	8651.07	100	1669.16	5.75286	30.1721	55.0582	8.07028	3.8129	0	
3.93123e+06	9.4	0	2849.49	801.25	1	1	9461.01	100	8648.2	100	1675.35	5.74246	29.8463	54.1838	8.04889	3.81022	0	
4.01763e+06	9.4	0	3505.8	801.25	1	1	9438.33	100	8645.38	100	1651.83	5.79659	30.1306	54.0885	7.75382	3.82066	0	
4.10403e+06	9.345	0	3126.35	801.25	1	1	9444.96	100	8642.57	100	1656.86	5.78507	30.416	53.8897	7.78403	3.8148	0	
4.19043e+06	9.3	0	3112.25	801.25	1	1	9437.53	100	8639.96	100	1667.58	5.7524	30.3016	55.0919	7.96062	3.80414	0	
4.27683e+06	9.3	0	3199.03	801.25	1	1	9429.85	100	8637.15	100	1657.23	5.77679	30.4327	54.656	7.76417	3.8131	0	
4.36323e+06	9.3	0	2509.19	801.25	1	1	9437.39	100	8634.42	100	1672.82	5.73694	30.139	54.659	8.1125	3.8	0	
4.44963e+06	9.3	0	2420	801.25	1	1	9409.63	100	8631.74	100	1697.54	5.65858	30.6236	54.6585	8.19743	3.77357	0	
4.53603e+06	9.3	0	2170.1	801.25	1	1	9409.4	100	8628.8	100	1695.43	5.66357	30.4294	54.4782	8.21951	3.77586	0	
4.62243e+06	9.3	0	2285.49	801.25	1	1	9385.58	100	8625.9	100	1688.11	5.67348	30.5055	53.7794	8.18993	3.77985	0	
4.70883e+06	9.275	0	2560.15	801.25	1	1	9396.98	100	8623.26	100	1678.37	5.70357	30.403	54.6672	8.08257	3.79079	0	
4.79523e+06	9.2	0	2476.73	801.25	1	1	9410.65	100	8620.56	100	1694.67	5.66437	30.099	55.0285	8.1375	3.77778	0	
4.88163e+06	9.2	0	1872.35	801.25	1	1	9397.52	100	8617.74	100	1699.31	5.64613	30.4392	54.755	8.16792	3.77208	0	
4.96803e+06	9.2	0	1893.41	801.25	1	1	9412.59	100	8614.93	100	1714.45	5.61034	29.7582	54.604	8.29125	3.76034	0	
5.05443e+06	9.2	0	1604.88	801.25	1	1	9401.54	100	8612.16	100	1756.55	5.49184	30.4429	54.3597	8.47667	3.72	0	
5.14083e+06	9.2	0	1455.61	801.25	1	1	9372.43	100	8609.44	100	1723.17	5.57057	29.7387	55.0717	8.35215	3.74769	0	
5.22723e+06	9.2	0	1391.91	801.25	1	1	9387.35	100	8606.84	100	1768.86	5.45237	30.6107	54.5333	8.67951	3.70746	0	
5.31363e+06	9.2	0	1072.12	801.25	1	1	9357.38	100	8604.33	100	1782.85	5.40375	30.0826	53.5601	8.57604	3.69114	0	
5.40003e+06	9.105	0	1984.65	801.25	1	1	9379.47	100	8601.45	100	1718.88	5.58288	30.5275	54.7914	8.03014	3.75364	0	
5.48643e+06	9.1	0	2760.09	801.25	1	1	9403.82	100	8598.36	100	1676.38	5.70641	30.1013	54.9713	7.83438	3.79688	0	
5.57283e+06	9.1	0	3114.06	801.25	1	1	9384.23	100	8595.64	100	1657.2	5.74976	30.3631	54.7322	7.71271	3.8124	0	
5.65923e+06	9.1	0	2249.09	801.25	1	1	9380.43	100	8592.83	100	1697.18	5.6399	30.416	53.936	7.9675	3.775	0	
5.74563e+06	9.1	0	1726.39	801.25	1	1	9393.02	100	8589.96	100	1733.29	5.54658	29.622	54.4511	8.27854	3.74335	0	
5.83203e+06	9.1	0	1975.09	801.25	1	1	9392.29	100	8587.14	100	1706.41	5.61832	29.9433	53.9369	8.11167	3.7687	0	
5.91843e+06	9.1	0	1534.48	801.25	1	1	9352.58	100	8584.45	100	1751.51	5.48147	29.9643	54.5279	8.3734	3.72194	0	
6.00483e+06	9.035	0	1814.3	801.25	1	1	9352.84	100	8581.68	100	1705.68	5.604	30.244	54.5665	8.05021	3.76488	0	
6.09123e+06	9	0	1471.05	801.25	1	1	9362.64	100	8578.88	100	1796.5	5.36283	30.1815	54.5224	8.41958	3.68194	0	
6.17763e+06	9	0	1583.4	801.25	1	1	9378.63	100	8576.11	100	1734.56	5.53475	30.3906	54.5826	8.17104	3.74201	0	
6.26403e+06	9	0	1654.11	801.25	1	1	9345.16	100	8573.56	100	1702.4	5.60812	30.3306	54.6089	8.23333	3.76792	0	
6.35043e+06	9	0	1624.88	801.25	1	1	9350.95	100	8570.91	100	1757.47	5.46177	29.9941	54.546	8.14542	3.71782	0	
6.43683e+06	9	0	1534.18	801.25	1	1	9369.73	100	8567.86	100	1717.09	5.57674	30.0995	54.1261	8.18833	3.7582	0	
6.52323e+06	9	0	1239.43	801.25	1	1	9319.56	100	8565.46	100	1780.27	5.38826	30.0338	54.4546	8.44083	3.69358	0	
6.60963e+06	8.965	0	2317.98	801.25	1	1	9348.28	100	8562.53	100	1707.37	5.59346	30.3172	54.085	7.78944	3.7652	0	
6.69603e+06	8.9	0	2615.12	801.25	1	1	9348.64	100	8559.51	100	1684.13	5.65547	29.9627	55.0175	7.74542	3.78724	0	
6.78243e+06	8.9	0	2629.29	801.25	1	1	9327.47	100	8556.61	100	1671.91	5.67932	30.7733	53.9099	7.62146	3.79608	0	
6.86883e+06	8.9	0	2566.16	801.25	1	1	9349.1	100	8553.96	100	1691.96	5.63344	30.1809	55.0331	7.81042	3.78072	0	
6.95523e+06	8.9	0	2521.17	801.25	1	1	9343.93	100	8551.11	100	1677.73	5.66907	29.9915	54.3533	7.65125	3.79367	0	
7.04163e+06	8.9	0	2088.75	801.25	1	1	9338.06	100	8548.4	100	1699.35	5.60809	30.3777	54.9799	7.87812	3.77308	0	
7.12803e+06	8.9	0	1750.94	801.25	1	1	9306.39	100	8545.7	100	1718.98	5.5429	30.2983	54.663	8.11333	3.75099	0	
7.21443e+06	8.895	0	1737.79	801.25	1	1	9344.09	100	8543.01	100	1717.78	5.55967	30.4088	54.6935	7.89542	3.7574	0	
7.30083e+06	8.8	0	1178	801.25	1	1	9289.28	100	8540.1	100	1752.51	5.44591	29.7962	53.8342	8.21132	3.71845	0	
7.38723e+06	8.8	0	687.488	801.25	1	1	9268.8	100	8537.47	100	2002.47	4.77411	31.8386	53.8719	8.46354	3.48561	0	
7.47363e+06	8.8	0	1701.1	801.25	1	1	9299.58	100	8534.52	100	1711.59	5.55752	30.0021	54.6591	7.87083	3.75843	0	
7.56003e+06	8.8	0	2062.47	801.25	1	1	9311.11	100	8531.62	100	1718.41	5.54305	30.1965	53.8131	7.90062	3.75391	0	
7.64643e+06	8.8	0	1488.64	801.25	1	1	9320.21	100	8528.98	100	1745.17	5.47415	30.2086	54.9376	8.04354	3.73048	0	
7.73283e+06	8.8	0	1501.24	801.25	1	1	9300.83	100	8526.24	100	1782.34	5.36717	30.969	54.921	8.18437	3.69375	0	
7.81923e+06	8.8	0	1369.43	801.25	1	1	9306.58	100	8523.5	100	1779.59	5.3759	31.7048	54.251	8.23	3.6973	0	
7.90563e+06	8.725	0	1298.3	801.25	1	1	9282.31	100	8520.83	100	1825.66	5.24399	31.6249	54.5342	8.16361	3.652	0	
7.99203e+06	8.7	0	1560.39	801.25	1	1	9292.81	100	8517.97	100	1729.48	5.50359	30.6394	54.8919	7.94264	3.74295	0	
8.07843e+06	8.7	0	2206.27	801.25	1	1	9311.33	100	8515.23	100	1689.14	5.61794	30.111	54.8119	7.49632	3.78337	0	
8.16483e+06	8.7	0	1639.69	801.25	1	1	9321.83	100	8512.32	100	1777.2	5.38497	29.8926	54.6808	8.05458	3.70279	0	
8.25123e+06	8.7	0	1968.38	801.25	1	1	9288.46	100	8509.61	100	1703.75	5.56883	30.2955	55.036	7.70583	3.76737	0	
8.33763e+06	8.7	0	1035.22	801.25	1	1	9305.13	100	8506.84	100	1903.74	5.03887	28.4094	53.5655	8.38896	3.5832	0	
8.42403e+06	8.7	0	1101.95	801.25	1	1	9277.92	100	8504.24	100	1826.89	5.23513	30.089	53.7301	8.07354	3.65223	0	
8.51043e+06	8.655	0	1330.39	801.25	1	1	9257.07	100	8501.26	100	1733.48	5.47604	29.2748	54.1756	7.95889	3.73667	0	
8.59683e+06	8.6	0	1493.27	801.25	1	1	9281.74	100	8498.77	100	1751.14	5.43734	30.5393	54.6719	7.88028	3.72378	0	
8.68323e+06	8.6	0	2174.69	801.25	1	1	9287.67	100	8495.88	100	1708.9	5.55175	30.1653	54.6443	7.55056	3.76423	0	
8.76963e+06	8.6	0	1708.77	801.25	1	1	9265.24	100	8492.9	100	1701.19	5.56311	30.6608	54.7001	7.58903	3.7688	0	
8.85603e+06	8.6	0	1152.36	801.25	1	1	9273.59	100	8490.14	100	1884.07	5.0777	30.405	54.2341	8.2325	3.6	0	
8.94243e+06	8.6	0	1352.71	801.25	1	1	9282.34	100	8487.54	100	1774.56	5.37241	29.5624	54.2225	7.90563	3.70333	0	
9.02883e+06	8.6	0	1314.58	801.25	1	1	9268.87	100	8484.68	100	1747.46	5.43929	30.3925	54.4411	7.83125	3.72727	0	
9.11523e+06	8.585	0	1800.84	801.25	1	1	9266.64	100	8481.89	100	1745.86	5.4421	30.5319	54.851	7.80132	3.72885	0	
9.20163e+06	8.5	0	1824.54	801.25	1	1	9269.67	100	8478.99	100	1724.88	5.49856	29.8565	54.3799	7.65361	3.7491	0	
9.28803e+06	8.5	0	1511.56	801.25	1	1	9264.83	100	8476.28	100	1886.84	5.06416	30.3812	53.7812	8.15993	3.59786	0	
9.37443e+06	8.5	0	1547.23	801.25	1	1	9254.36	100	8473.95	100	1734.49	5.46606	30.3506	54.3016	7.74979	3.71419	0	
9.46083e+06	8.5	0	1613.19	801.25	1	1	9272.86	100	8471.1	100	1732.28	5.47815	28.6487	53.438	7.64118	3.66108	0	
9.54723e+06	8.5	0	2009.96	801.25	1	1	9258.87	100	8468.31	100	1717.1	5.5128	30.0788	53.7406	7.58438	3.67236	0	
9.63363e+06	8.5	0	2056.7	801.25	1	1	9233.17	100	8465.4	100	1717.5	5.50146	30.0742	54.1301	7.44708	3.66931	0	
9.72003e+06	8.5	0	1722.62	801.25	1	1	9219.85	100	8462.39	100	1754.65	5.39741	29.4942	54.0024	7.85208	3.63745	0	
9.80643e+06	8.415	0	1515.62	801.25	1	1	9231.77	100	8459.82	100	1810.92	5.25162	28.0949	53.1987	7.94132	3.59259	0	
9.89283e+06	8.4	0	861.905	801.25	1	1	9238.53	100	8457.26	100	1974.78	4.81744	32.2222	53.6837	8.07271	3.45797	0	
9.97923e+06	8.4	0	784.648	801.25	1	1	9259.57	100	8454.25	100	1982.71	4.80085	31.8331	53.7512	8.04479	3.45333	0	
1.00656e+07	8.4	0	1039.61	801.25	1	1	9255.8	100	8451.33	100	1910.74	4.99125	30.9953	53.6235	8.0816	3.51298	0	
1.0152e+07	8.4	0	1243.56	801.25	1	1	9243.02	100	8448.8	100	1957.85	4.86138	30.5308	53.0272	8.06958	3.47299	0	
1.02384e+07	8.4	0	171	801.25	1	1	0	100	8445.98	100	2528.37	3.34048	29.4895	52.7665	8.28125	3	0	
1.03248e+07	8.4	0	476.029	801.25	1	1	9218.71	100	8443.08	100	2005.62	4.72636	28.4314	52.9155	8.06833	3.38613	0	
1.04112e+07	8.345	0	600.856	801.25	1	1	9252.22	100	8440.29	100	2118.93	4.43129	29.9558	54.7987	8.11361	3.28317	0	
1.04976e+07	8.3	0	748.416	801.25	1	1	9223.05	100	8437.47	100	1790.26	5.29814	29.0581	53.702	7.80424	3.58744	0	
1.0584e+07	8.3	0	1320.39	801.25	1	1	9190.98	100	8435.09	100	1780.86	5.31144	30.7847	54.3479	7.69375	3.59259	0	
1.06704e+07	8.3	0	1622.93	801.25	1	1	9173.29	100	8432.25	100	1741.02	5.40967	30.3663	54.1751	7.5241	3.6276	0	
1.07568e+07	8.3	0	1756.38	801.25	1	1	9217.8	100	8429.32	100	1714.37	5.49599	30.4508	54.7549	7.26396	3.65848	0	
1.08432e+07	8.3	0	1172.7	801.25	1	1	9171.86	100	8426.25	100	1799.57	5.25346	30.8736	54.0933	7.75264	3.57397	0	
1.09296e+07	8.3	0	1102.21	801.25	1	1	9198.79	100	8423.61	100	1901.78	4.99126	29.8215	53.6926	7.96167	3.48235	0	
1.1016e+07	8.275	0	793.742	801.25	1	1	9176.28	100	8420.88	100	2001.98	4.7196	30.6798	53.0983	7.92819	3.3875	0	
1.11024e+07	8.2	0	668.74	801.25	1	1	9198.19	100	8418.02	100	1933.57	4.90537	31.9239	53.8015	7.90743	3.45328	0	
1.11888e+07	8.2	0	138.182	801.25	1	1	0	100	8415.43	100	2528.22	3.32857	32.2551	52.9051	8.08319	2.9	0	
1.12752e+07	8.2	0	284.442	801.25	1	1	0	100	8412.58	100	2528.21	3.32747	29.3268	53.2458	8.07917	2.9	0	
1.13616e+07	8.2	0	427.082	801.25	1	1	9159.16	100	8409.83	100	1950.97	4.84662	31.7923	53.4008	7.90667	3.43415	0	
1.1448e+07	8.2	0	1180.93	801.25	1	1	9132.48	100	8407.23	100	1940.78	4.86553	30.7094	52.9349	7.8691	3.4413	0	
1.15344e+07	8.2	0	418.997	801.25	1	1	9150.34	100	8404.52	100	2008.83	4.69038	29.2943	54.1274	7.88347	3.38045	0	
1.16208e+07	8.2	0	556.462	801.25	1	1	9211.7	100	8401.47	100	2072.54	4.53486	27.8812	53.5726	7.92875	3.32632	0	
1.17072e+07	8.105	0	819.6	801.25	1	1	9115.51	100	8398.67	100	2280.5	3.96994	30.4758	54.6035	7.93181	3.12785	0	
1.17936e+07	8.1	0	476.301	801.25	1	1	0	100	8395.83	100	2528.13	3.32097	26.811	54.7108	7.98722	2.9	0	
1.188e+07	8.1	0	382.848	801.25	1	1	9186.66	100	8393.07	100	1979.92	4.77249	28.1995	54.6673	7.78729	3.41136	0	
1.19664e+07	8.1	0	521.059	801.25	1	1	9078.48	100	8390.27	100	1965.34	4.78249	30.8531	54.1904	7.8059	3.41532	0	
1.20528e+07	8.1	0	665.717	801.25	1	1	9118.81	100	8387.62	100	1935.2	4.87108	30.2628	53.3822	7.78882	3.44692	0	
1.21392e+07	8.1	0	725.934	801.25	1	1	9138.36	100	8385.02	100	1824.7	5.16611	29.9272	53.6485	7.58118	3.55143	0	
1.22256e+07	8.1	0	548.164	801.25	1	1	9193.55	100	8382.13	100	2166.04	4.27706	28.7451	53.2005	7.88681	3.23871	0	
1.2312e+07	8.035	0	237.317	801.25	1	1	0	100	8379.28	100	2528.04	3.31454	27.5898	53.4374	7.91319	2.9	0	
1.23984e+07	8	0	387.406	801.25	1	1	9160.16	100	8376.51	100	1990.12	4.73435	31.9237	54.6669	7.6859	3.40075	0	
1.24848e+07	8	0	467.032	801.25	1	1	9183.16	100	8373.66	100	2211.13	4.15289	27.8465	54.6513	7.81132	3.19647	0	
1.25712e+07	8	0	975.499	801.25	1	1	9101.51	100	8370.85	100	1955.25	4.8094	30.3149	54.4796	7.67146	3.42826	0	
1.26576e+07	8	0	383.833	801.25	1	1	0	100	8368.09	100	2527.99	3.31016	27.6019	54.6911	7.88521	2.9	0	
1.2744e+07	8	0	46	801.25	1	1	0	100	8365.31	100	2527.97	3.30907	26.2712	54.7063	7.88722	2.9	0	
1.28304e+07	8	0	142.5	801.25	1	1	9123.54	100	8362.55	100	1986.21	4.73154	33.6978	54.596	7.69521	3.40233	0	
1.29168e+07	7.965	0	0	801.25	1	1	0	100	8359.77	100	2527.95	3.30694	33.313	54.644	7.84826	2.9	0	
1.30032e+07	7.9	0	440.982	801.25	1	1	0	100	8356.99	100	2527.93	3.30587	30.2081	54.6905	7.78521	2.9	0	
1.30896e+07	7.9	0	828.091	801.25	1	1	9159.01	100	8354.08	100	1971.45	4.77715	32.1123	53.6568	7.57937	3.42	0	
1.3176e+07	7.9	0	0	801.25	1	1	0	100	8351.44	100	2527.91	3.30369	31.9426	54.6779	7.78722	2.9	0	
1.32624e+07	7.9	0	331.917	801.25	1	1	0	100	8348.69	100	2527.89	3.30262	30.9801	54.6916	7.78521	2.9	0	
1.33488e+07	7.9	0	378.414	801.25	1	1	9154.56	100	8345.91	100	2155.45	4.28677	27.2506	54.6827	7.69021	3.24839	0	
1.34352e+07	7.9	0	714.248	801.25	1	1	9066.33	100	8343.15	100	1921.16	4.88123	30.1056	53.5787	7.60215	3.45887	0	
1.35216e+07	7.895	0	444.049	801.25	1	1	9149.79	100	8340.6	100	1994.17	4.71082	28.7524	52.7608	7.59472	3.39922	0	
1.3608e+07	7.8	0	809.144	801.25	1	1	9093.38	100	8337.85	100	2107.94	4.39818	28.7431	54.6108	7.53479	3.28898	0	
1.36944e+07	7.8	0	425.958	801.25	1	1	9046.88	100	8334.86	100	1919.04	4.87915	30.8569	53.6644	7.51924	3.45966	0	
1.37808e+07	7.8	0	0	801.25	1	1	0	100	8332.33	100	2527.81	3.29626	28.0673	54.5243	7.66104	2.9	0	
1.38672e+07	7.8	0	0	801.25	1	1	0	100	8329.25	100	2527.8	3.29507	27.1227	54.7344	7.68521	2.9	0	
1.39536e+07	7.8	0	0	801.25	1	1	0	100	8326.47	100	2527.78	3.29397	26.1736	54.7399	7.68521	2.9	0	
1.404e+07	7.8	0	127.831	801.25	1	1	9133.43	100	8323.73	100	1988.21	4.71781	31.506	53.7101	7.54701	3.40467	0	
1.41264e+07	7.8	0	348.413	801.25	1	1	0	100	8321.16	100	2527.76	3.29191	29.5358	52.6883	7.68521	2.9	0	
1.42128e+07	7.725	0	457.921	801.25	1	1	9104.28	100	8318.41	100	2020.6	4.62385	30.6499	54.4526	7.39868	3.37234	0	
1.42992e+07	7.7	0	1206.35	801.25	1	1	9121.67	100	8315.45	100	1906.05	4.92923	29.5506	53.6715	7.39882	3.4811	0	
1.43856e+07	7.7	0	277.738	801.25	1	1	0	100	8312.92	100	2527.72	3.2887	28.174	54.5303	7.56104	2.9	0	
1.4472e+07	7.7	0	569.731	801.25	1	1	9094	100	8309.91	100	1914.73	4.89691	31.3276	53.6489	7.40354	3.47073	0	
1.45584e+07	7.7	0	173.667	801.25	1	1	0	100	8307.37	100	2527.69	3.28653	29.4142	54.4381	7.56104	2.9	0	
1.46448e+07	7.7	0	317.277	801.25	1	1	9037.66	100	8304.28	100	1986.72	4.69217	31.923	54.4888	7.39785	3.39922	0	
1.47312e+07	7.7	0	636.061	801.25	1	1	9063.27	100	8301.53	100	1976.32	4.72493	31.69	54.6457	7.38729	3.41136	0	
1.48176e+07	7.655	0	94.7861	801.25	1	1	0	100	8298.75	100	2527.65	3.28317	29.2149	54.6543	7.54028	2.9	0	
1.4904e+07	7.6	0	262.618	801.25	1	1	0	100	8295.96	100	2527.63	3.28211	27.0137	54.7104	7.48917	2.9	0	
1.49904e+07	7.6	0	337.652	801.25	1	1	9095.35	100	8293.27	100	1934.69	4.84042	32.7807	53.6687	7.32451	3.45385	0	
1.50768e+07	7.6	0	393.206	801.25	1	1	0	100	8290.74	100	2527.61	3.28009	28.8096	54.495	7.46104	2.9	0	
1.51632e+07	7.6	0	274.519	801.25	1	1	9095.92	100	8287.68	100	1966.89	4.75433	32.2114	53.6201	7.32653	3.42435	0	
1.52496e+07	7.6	0	465.612	801.25	1	1	9063.4	100	8284.93	100	2017.13	4.61338	28.2908	52.6994	7.2625	3.375	0	
1.5336e+07	7.6	0	1128.01	801.25	1	1	0	100	8282.05	100	2527.56	3.27669	28.394	54.561	7.48722	2.9	0	
1.54224e+07	7.585	0	0	801.25	1	1	0	100	8279.33	100	2527.55	3.27562	26.5147	54.7046	7.47028	2.9	0	
1.55088e+07	7.5	0	0	801.25	1	1	0	100	8276.54	100	2527.54	3.27456	25.5663	54.7353	7.38917	2.9	0	
1.55952e+07	7.5	0	0	801.25	1	1	0	100	8273.78	100	2527.52	3.27347	24.6217	54.7475	7.38917	2.9	0	
1.56816e+07	7.5	0	171	801.25	1	1	9058.1	100	8271.05	100	1902.83	4.90752	33.3447	53.5903	7.18458	3.41729	0	
1.5768e+07	7.5	0	247.854	801.25	1	1	0	100	8268.56	100	2527.5	3.27144	33.493	52.9128	7.38722	2.9	0	
1.58544e+07	7.5	0	861.91	801.25	1	1	9070.68	100	8265.77	100	2513.74	3.30641	27.1104	54.4281	7.3584	2.91143	0	
1.59408e+07	7.5	0	224.194	801.25	1	1	9016.39	100	8262.7	100	1995.98	4.65107	33.5831	54.7354	7.19847	3.3375	0	
1.60272e+07	7.5	0	0	801.25	1	1	0	100	8259.92	100	2527.45	3.26807	32.7356	54.7406	7.38521	2.9	0	
1.61136e+07	7.415	0	0	801.25	1	1	0	100	8257.14	100	2527.44	3.26698	31.7874	54.6583	7.30222	2.9	0	
1.62e+07	7.4	0	0	801.25	1	1	0	100	8254.37	100	2527.43	3.26592	30.8419	54.7546	7.28917	2.9	0	
1.62864e+07	7.4	0	114	801.25	1	1	0	100	8251.59	100	2527.41	3.26483	29.7256	54.664	7.28722	2.9	0	
1.63728e+07	7.4	0	0	801.25	1	1	0	100	8248.82	100	2527.4	3.26377	28.7516	54.7432	7.28715	2.9	0	
1.64592e+07	7.4	0	39.0055	801.25	1	1	0	100	8246.04	100	2527.39	3.26267	27.7225	54.6489	7.28319	2.9	0	
1.65456e+07	7.4	0	158.1	801.25	1	1	0	100	8243.27	100	2527.37	3.26158	26.6246	54.7229	7.28521	2.84912	0	
1.6632e+07	7.4	0	114.267	801.25	1	1	9014.05	100	8240.57	100	1939.71	4.7907	33.4924	53.5977	7.12	3.34615	0	
1.67184e+07	7.345	0	0	801.25	1	1	0	100	8238.02	100	2527.35	3.25953	33.1294	54.4906	7.20701	2.8	0	
1.68048e+07	7.3	0	0	801.25	1	1	0	100	8234.95	100	2527.33	3.25837	32.1807	54.763	7.18917	2.8	0	
1.68912e+07	7.3	0	0	801.25	1	1	0	100	8232.17	100	2527.32	3.25727	31.2358	54.6455	7.18722	2.8	0	
1.69776e+07	7.3	0	242.05	801.25	1	1	0	100	8229.39	100	2527.3	3.25618	30.2747	54.7222	7.18722	2.8	0	
1.7064e+07	7.3	0	549.279	801.25	1	1	8982.69	100	8226.64	100	1912.61	4.84856	32.1457	53.6147	6.9984	3.36953	0	
1.71504e+07	7.3	0	589.81	801.25	1	1	9007.07	100	8224.06	100	2026.85	4.55732	32.6498	53.9831	6.97549	3.26596	0	
1.72368e+07	7.3	0	712.077	801.25	1	1	9024.66	100	8221.07	100	2479.92	3.37667	28.7303	54.7055	7.17528	2.84426	0	
1.73232e+07	7.275	0	888.467	801.25	1	1	9007.85	100	8218.27	100	1982.72	4.6709	30.0895	54.5685	6.96236	3.30752	0	
1.74096e+07	7.2	0	561.2	801.25	1	1	8923.01	100	8215.53	100	1929.82	4.78456	32.9618	53.6849	6.91396	3.34878	0	
1.7496e+07	7.2	0	304.333	801.25	1	1	0	100	8212.95	100	2527.22	3.24976	33.1399	52.5183	7.08917	2.8	0	
1.75824e+07	7.2	0	0	801.25	1	1	0	100	8210.23	100	2527.21	3.24873	32.0518	52.6668	7.08917	2.8	0	
1.76688e+07	7.2	0	0	801.25	1	1	0	100	8207.35	100	2527.2	3.24761	31.1055	53.196	7.06583	2.8	0	
1.77552e+07	7.2	0	219.545	801.25	1	1	0	100	8204.42	100	2527.18	3.24647	30.1454	54.768	7.08514	2.8	0	
1.78416e+07	7.2	0	722.883	801.25	1	1	9006.74	100	8201.65	100	1997.18	4.6282	31.5711	53.724	6.94715	3.29541	0	
1.7928e+07	7.2	0	206.869	801.25	1	1	0	100	8199.05	100	2527.15	3.24437	31.9121	53.1706	7.07715	2.8	0	
1.80144e+07	7.105	0	403.401	801.25	1	1	0	100	8196.17	100	2527.14	3.24326	28.9842	53.6517	6.98444	2.8	0	
1.81008e+07	7.1	0	0	801.25	1	1	0	100	8193.36	100	2527.13	3.24217	27.7619	54.5397	6.98528	2.8	0	
1.81872e+07	7.1	0	312.62	801.25	1	1	8993.04	100	8190.56	100	2253.7	3.95325	26.8258	54.6556	6.92813	3.05556	0	
1.82736e+07	7.1	0	722.617	801.25	1	1	8951.8	100	8187.79	100	2059.4	4.44977	30.8681	54.6457	6.84847	3.23393	0	
1.836e+07	7.1	0	114.253	801.25	1	1	0	100	8185.01	100	2527.08	3.23892	28.7924	54.675	6.98722	2.8	0	
1.84464e+07	7.1	0	91	801.25	1	1	0	100	8182.24	100	2527.07	3.23782	27.764	54.6789	6.98688	2.8	0	
1.85328e+07	7.1	0	202.983	801.25	1	1	8981.81	100	8179.47	100	2049.77	4.4787	27.091	54.6751	6.83674	3.24609	0	
1.86192e+07	7.035	0	772.802	801.25	1	1	0	100	8176.69	100	2527.04	3.23567	27.9381	54.6669	6.92222	2.8	0	
1.87056e+07	7	0	228	801.25	1	1	8977.92	100	8173.93	100	2410.81	3.53699	26.5151	53.8633	6.88285	2.90862	0	
1.8792e+07	7	0	0	801.25	1	1	0	100	8171.24	100	2527.02	3.23354	25.6948	53.325	6.8775	2.8	0	
1.88784e+07	7	0	0	801.25	1	1	0	100	8168.4	100	2527	3.23245	24.7485	54.3141	6.88333	2.8	0	
1.89648e+07	7	0	0	801.25	1	1	0	100	8165.6	100	2526.99	3.23137	23.8018	54.5937	6.88722	2.8	0	
1.90512e+07	7	0	0	801.25	1	1	0	100	8162.83	100	2526.97	3.23027	22.8548	54.7005	6.88528	2.8	0	
1.91376e+07	7	0	0	801.25	1	1	0	100	8160.04	100	2526.96	3.22917	21.9088	54.7619	6.88722	2.8	0	
1.9224e+07	6.965	0	0	801.25	1	1	0	100	8157.27	100	2526.95	3.22812	20.9611	54.7222	6.85028	2.8	0	
1.93104e+07	6.9	0	0	801.25	1	1	0	100	8154.5	100	2526.93	3.22702	20.0158	54.6803	6.78722	2.8	0	
1.93968e+07	6.9	0	0	801.25	1	1	0	100	8151.73	100	2526.92	3.22597	19.0674	54.6295	6.78722	2.8	0	
1.94832e+07	6.9	0	46	801.25	1	1	8949.86	100	8148.95	100	2510.86	3.2665	18.123	54.5995	6.78271	2.815	0	
1.95696e+07	6.9	0	178.303	801.25	1	1	8949.68	100	8146.19	100	1844.71	4.99408	31.0473	53.7629	6.49896	3.4375	0	
1.9656e+07	6.9	0	136.749	801.25	1	1	0	100	8143.58	100	2526.88	3.22277	30.0618	53.0384	6.78139	2.8	0	
1.97424e+07	6.9	0	0	801.25	1	1	0	100	8140.71	100	2526.87	3.22166	28.9879	53.5727	6.7775	2.8	0	
1.98288e+07	6.895	0	0	801.25	1	1	0	100	8137.87	100	2526.85	3.22057	28.0423	54.4802	6.77833	2.8	0	
1.99152e+07	6.8	0	137.171	801.25	1	1	0	100	8135.08	100	2526.84	3.21947	27.0792	54.7072	6.68722	2.8	0	
2.00016e+07	6.8	0	460.124	801.25	1	1	8934.56	100	8132.3	100	1986.8	4.6176	32.2725	54.5641	6.50222	3.30455	0	
2.0088e+07	6.8	0	0	801.25	1	1	0	100	8129.54	100	2526.81	3.21732	31.5676	54.6701	6.68528	2.8	0	
2.01744e+07	6.8	0	0	801.25	1	1	0	100	8126.76	100	2526.8	3.21622	30.6231	54.6848	6.68722	2.8	0	
2.02608e+07	6.8	0	0	801.25	1	1	0	100	8123.98	100	2526.78	3.21516	29.6738	54.6188	6.68528	2.8	0	
2.03472e+07	6.8	0	0	801.25	1	1	0	100	8121.21	100	2526.77	3.21407	28.7294	54.7231	6.68722	2.8	0	
2.04336e+07	6.8	0	114	801.25	1	1	0	100	8118.43	100	2526.76	3.21296	27.4547	54.6494	6.68528	2.8	0	
2.052e+07	6.725	0	0	801.25	1	1	0	100	8115.66	100	2526.74	3.21191	26.4427	54.7376	6.61625	2.8	0	
2.06064e+07	6.7	0	304.65	801.25	1	1	8897.69	100	8112.83	100	1995.64	4.58005	32.7078	54.2141	6.40542	3.29466	0	
2.06928e+07	6.7	0	540.327	801.25	1	1	8888.08	100	8110.13	100	1983.62	4.60761	28.4503	54.7793	6.40667	3.30538	0	
2.07792e+07	6.7	0	564.402	801.25	1	1	8906.78	100	8107.35	100	2008	4.54858	29.2685	54.5476	6.40347	3.28462	0	
2.08656e+07	6.7	0	433.31	801.25	1	1	8666.51	100	8104.53	100	2406.64	3.50483	29.9442	54.5493	6.56472	2.90746	0	
2.0952e+07	6.7	0	494.953	801.25	1	1	8881.12	100	8101.79	100	1932.63	4.7349	31.7219	53.7972	6.40431	3.35276	0	
2.10384e+07	6.7	0	519.614	801.25	1	1	0	100	8099.18	100	2526.66	3.20547	27.0235	53.1044	6.57944	2.8	0	
2.11248e+07	6.655	0	121.667	801.25	1	1	8857.78	100	8096.32	100	2013.33	4.52012	33.5892	54.111	6.3441	3.27609	0	
2.12112e+07	6.6	0	0	801.25	1	1	0	100	8093.44	100	2526.63	3.20327	33.1462	54.7797	6.49125	2.8	0	
2.12976e+07	6.6	0	30.6667	801.25	1	1	0	100	8090.69	100	2526.62	3.20217	32.1328	54.7123	6.48722	2.8	0	
2.1384e+07	6.6	0	0	801.25	1	1	0	100	8087.93	100	2526.6	3.20111	31.1722	54.6894	6.48528	2.8	0	
2.14704e+07	6.6	0	86.5311	801.25	1	1	0	100	8085.14	100	2526.59	3.20001	30.1388	54.6634	6.48528	2.8	0	
2.15568e+07	6.6	0	146.764	801.25	1	1	0	100	8082.37	100	2526.58	3.19893	28.0133	54.7047	6.48722	2.8	0	
2.16432e+07	6.6	0	144.333	801.25	1	1	0	100	8079.61	100	2526.56	3.19787	26.6112	54.6626	6.48528	2.8	0	
2.17296e+07	6.585	0	46	801.25	1	1	8877.76	100	8076.74	100	2093.45	4.31284	31.3769	54.094	6.34451	3.15963	0	
2.1816e+07	6.5	0	0	801.25	1	1	0	100	8074.02	100	2526.54	3.19567	30.8374	54.7626	6.39125	2.8	0	
2.19024e+07	6.5	0	284.671	801.25	1	1	0	100	8071.28	100	2526.52	3.19462	29.1576	54.6943	6.39125	2.8	0	
2.19888e+07	6.5	0	826.22	801.25	1	1	8793.76	100	8068.59	100	1777.15	5.09662	30.729	53.5976	6.02236	3.41386	0	
2.20752e+07	6.5	0	639.231	801.25	1	1	8770.23	100	8066.11	100	1987.31	4.55643	32.1024	53.7717	6.185	3.24	0	
2.21616e+07	6.5	0	1052.11	801.25	1	1	8830.25	100	8063.16	100	1950.33	4.66509	30.9069	53.0838	6.17472	3.27552	0	
2.2248e+07	6.5	0	612.271	801.25	1	1	8832.7	100	8060.32	100	2021.87	4.48183	32.3249	53.629	6.17764	3.2169	0	
2.23344e+07	6.5	0	866.37	801.25	1	1	8815.29	100	8057.42	100	1938.03	4.69088	32.9243	53.9497	6.19333	3.28485	0	
2.24208e+07	6.415	0	383.953	801.25	1	1	0	100	8054.73	100	2526.44	3.18816	33.0251	53.3678	6.29687	2.8	0	
2.25072e+07	6.4	0	953.328	801.25	1	1	8798.17	100	8051.98	100	1782.25	5.08111	30.1369	53.5001	5.88937	3.41198	0	
2.25936e+07	6.4	0	890.988	801.25	1	1	8837.93	100	8049.22	100	1849.87	4.92085	29.1397	53.2293	5.85875	3.36068	0	
2.268e+07	6.4	0	696.499	801.25	1	1	8843.48	100	8046.3	100	2048.72	4.41124	28.476	54.7177	6.14222	3.19658	0	
2.27664e+07	6.4	0	482.694	801.25	1	1	8677.93	100	8043.52	100	2275.04	3.81036	31.6165	54.7014	6.23528	3.00253	0	
2.28528e+07	6.4	0	726.07	801.25	1	1	8823	100	8040.77	100	1925.91	4.71953	31.8931	53.7577	6.09778	3.27045	0	
2.29392e+07	6.4	0	619.023	801.25	1	1	0	100	8038.15	100	2526.36	3.18171	27.7525	53.1069	6.27944	2.7	0	
2.30256e+07	6.345	0	402.033	801.25	1	1	8746.85	100	8035.34	100	1973.29	4.57727	32.1558	53.2046	6.04729	3.2084	0	
2.3112e+07	6.3	0	705.335	801.25	1	1	8830.83	100	8032.6	100	2040.59	4.42538	29.4851	53.2515	6.03063	3.15366	0	
2.31984e+07	6.3	0	1038.47	801.25	1	1	8799.66	100	8029.79	100	1826.26	4.96418	29.8585	54.3823	5.74625	3.35042	0	
2.32848e+07	6.3	0	561.718	801.25	1	1	8765.26	100	8026.9	100	1912.5	4.73375	30.4801	53.666	6.01188	3.26693	0	
2.33712e+07	6.3	0	166.03	801.25	1	1	8821.96	100	8024.41	100	2346.4	3.6373	27.0895	53.1083	6.1484	2.868	0	
2.34576e+07	6.3	0	302.293	801.25	1	1	8787.71	100	8021.53	100	2018.14	4.46957	33.2349	54.0819	5.97583	3.17172	0	
2.3544e+07	6.3	0	439.324	801.25	1	1	8814.7	100	8018.56	100	2109.26	4.24163	30.2522	54.756	6.06965	3.08942	0	
2.36304e+07	6.275	0	896.406	801.25	1	1	8707.56	100	8015.81	100	1867.52	4.82748	33.0872	54.8897	5.85417	3.30335	0	
2.37168e+07	6.2	0	384.073	801.25	1	1	0	100	8013.02	100	2526.23	3.17191	28.8896	54.6637	6.08937	2.7	0	
2.38032e+07	6.2	0	459.712	801.25	1	1	8752.22	100	8010.28	100	1955.71	4.61604	31.7096	54.1092	5.91312	3.22734	0	
2.38896e+07	6.2	0	666.891	801.25	1	1	8740.59	100	8007.63	100	1945.19	4.63887	31.2826	53.2039	5.88312	3.23617	0	
2.3976e+07	6.2	0	548.273	801.25	1	1	0	100	8004.86	100	2526.19	3.16877	26.9533	53.1143	6.08375	2.7	0	
2.40624e+07	6.2	0	246.693	801.25	1	1	8797.55	100	8002.01	100	2103.45	4.24804	25.6465	53.7278	5.95285	3.09474	0	
2.41488e+07	6.2	0	677.187	801.25	1	1	8776.31	100	7999.21	100	1884.96	4.79944	29.8942	54.7485	5.78833	3.29663	0	
2.42352e+07	6.2	0	1026.11	801.25	1	1	8741.81	100	7996.38	100	1877.61	4.80698	28.7879	54.5444	5.77708	3.3	0	
2.43216e+07	6.105	0	1099.48	801.25	1	1	8754.7	100	7993.59	100	1794.47	5.02124	30.4433	54.5471	5.53965	3.37875	0	
2.4408e+07	6.1	0	1207.31	801.25	1	1	8758.25	100	7990.84	100	1789.3	5.03495	30.3728	54.4719	5.53125	3.3843	0	
2.44944e+07	6.1	0	1326.38	801.25	1	1	8740.04	100	7988.13	100	1763.75	5.09276	30.5734	54.8372	5.43063	3.40601	0	
2.45808e+07	6.1	0	1441.86	801.25	1	1	8761.03	100	7985.31	100	1722.86	5.20353	29.9471	54.1103	5.35313	3.44712	0	
2.46672e+07	6.1	0	1372.53	801.25	1	1	8722.42	100	7982.64	100	1771.51	5.06564	30.1872	54.1387	5.40875	3.39727	0	
2.47536e+07	6.1	0	1044.13	801.25	1	1	8694.14	100	7979.77	100	1826.39	4.91732	31.4025	54.9388	5.61938	3.34348	0	
2.484e+07	6.1	0	833.34	801.25	1	1	8704.1	100	7977.05	100	1792.76	5.00446	29.8274	54.5382	5.5875	3.37604	0	
2.49264e+07	6.035	0	1297.18	801.25	1	1	8747.11	100	7974.38	100	1860.08	4.84756	28.9183	53.2083	5.63736	3.31908	0	
2.50128e+07	6	0	539.926	801.25	1	1	8753.04	100	7971.73	100	1986.82	4.52638	28.6294	53.131	5.69312	3.20217	0	
2.50992e+07	6	0	1450.7	801.25	1	1	8749.53	100	7968.78	100	1779.82	5.05072	30.1062	53.5049	5.27625	3.39479	0	
2.51856e+07	6	0	1781.96	801.25	1	1	8716.82	100	7965.93	100	1703.12	5.23255	30.5826	54.6999	5.15375	3.46193	0	
2.5272e+07	6	0	1704.28	801.25	1	1	8751.65	100	7963.35	100	1727.44	5.18345	30.3029	54.486	5.21062	3.44455	0	
2.53584e+07	6	0	825.313	801.25	1	1	8729.14	100	7960.51	100	1835.69	4.90025	31.3777	54.4399	5.45938	3.3412	0	
2.54448e+07	6	0	413.501	801.25	1	1	8663.36	100	7957.55	100	1972.01	4.53726	32.0165	54.6592	5.6925	3.2087	0	
2.55312e+07	5.965	0	326.404	801.25	1	1	0	100	7954.77	100	2525.95	3.14922	30.2674	54.7196	5.85049	2.7	0	
2.56176e+07	5.9	0	774.897	801.25	1	1	8719.68	100	7951.86	100	1817.66	4.94064	30.3181	53.7552	5.39132	3.35785	0	
2.5704e+07	5.9	0	1044.48	801.25	1	1	8737.81	100	7949.22	100	1828.1	4.91944	30.2796	54.8339	5.40437	3.3507	0	
2.57904e+07	5.9	0	1729.39	801.25	1	1	8706.44	100	7946.66	100	1686.04	5.26741	30.3308	54.6571	5.0375	3.47899	0	
2.58768e+07	5.9	0	1063.96	801.25	1	1	8686.89	100	7943.98	100	1796.77	4.98047	29.8637	54.0554	5.265	3.37417	0	
2.59632e+07	5.9	0	864.398	801.25	1	1	8650.62	100	7941.03	100	1895.07	4.72178	30.651	54.8906	5.49687	3.27966	0	
2.60496e+07	5.9	0	230.178	801.25	1	1	8703.23	100	7938.15	100	1945.69	4.60849	31.1971	53.686	5.61437	3.23858	0	
2.6136e+07	5.895	0	982.883	801.25	1	1	8711.97	100	7935.58	100	1838.45	4.88141	29.9576	52.7219	5.43812	3.33959	0	
2.62224e+07	5.8	0	1612.87	801.25	1	1	8696.41	100	7932.86	100	1740.41	5.12324	30.0103	54.4437	4.91979	3.42902	0	
2.63088e+07	5.8	0	1331.6	801.25	1	1	8692.16	100	7929.93	100	1752.88	5.08959	30.9515	54.8951	5.19507	3.41724	0	
2.63952e+07	5.8	0	816.492	801.25	1	1	8697.44	100	7927.08	100	1835.29	4.88265	30.703	53.4033	5.26625	3.34174	0	
2.64816e+07	5.8	0	377.005	801.25	1	1	8692.35	100	7924.21	100	1988.32	4.49405	31.3928	54.2656	5.49563	3.19927	0	
2.6568e+07	5.8	0	356.143	801.25	1	1	8714.42	100	7921.47	100	2193.67	3.97819	29.3703	54.7274	5.61188	3.01	0	
2.66544e+07	5.8	0	462.954	801.25	1	1	8656.63	100	7918.69	100	1966.95	4.53723	30.2281	54.199	5.49625	3.21618	0	
2.67408e+07	5.8	0	1073.97	801.25	1	1	8680.16	100	7915.94	100	1770.93	5.03654	30.1896	54.1607	5.13875	3.40071	0	
2.68272e+07	5.725	0	1039.52	801.25	1	1	8680.66	100	7913.19	100	1809.56	4.9387	30.1392	54.8729	5.20097	3.36522	0	
2.69136e+07	5.7	0	1205.76	801.25	1	1	8670.15	100	7910.44	100	1745.83	5.09491	30.8531	54.1255	5.08486	3.4234	0	
2.7e+07	5.7	0	1826.21	801.25	1	1	8679.81	100	7907.67	100	1725.08	5.1501	29.9197	53.2554	4.76854	3.44436	0	
2.70864e+07	5.7	0	1516.88	801.25	1	1	8631.33	100	7904.75	100	1726.96	5.12674	30.2617	54.2818	4.91667	3.43636	0	
2.71728e+07	5.7	0	1654.86	801.25	1	1	8654.69	100	7902.03	100	1747.11	5.08415	30.327	54.6517	4.99437	3.42121	0	
2.72592e+07	5.7	0	1334.97	801.25	1	1	8666.03	100	7899.24	100	1735.2	5.11763	29.9566	54.2708	4.91062	3.43414	0	
2.73456e+07	5.7	0	1338.88	801.25	1	1	8655.79	100	7896.66	100	1757.96	5.05603	30.5601	54.3042	5.16687	3.412	0	
2.7432e+07	5.655	0	1962.04	801.25	1	1	8666.31	100	7894.18	100	1687.45	5.23676	30.2435	53.714	4.57188	3.47934	0	
2.75184e+07	5.6	0	2940.49	801.25	1	1	8661.18	100	7891.26	100	1688.79	5.23078	30.0234	54.6444	4.35681	3.47774	0	
2.76048e+07	5.6	0	3147.49	801.25	1	1	8652.17	100	7888.11	100	1650.56	5.32275	30.4026	54.2226	4.11257	3.47188	0	
2.76912e+07	5.6	0	3024.19	801.25	1	1	8657.14	100	7885.43	100	1669.23	5.27724	30.4995	55.0616	4.39076	3.40763	0	
2.77776e+07	5.6	0	2985.36	801.25	1	1	8661.97	100	7882.63	100	1661.29	5.29859	30.0204	54.5319	4.23771	3.41519	0	
2.7864e+07	5.6	0	3083.04	801.25	1	1	8654.31	100	7879.81	100	1657.11	5.30544	30.058	54.1924	4.15063	3.41798	0	
2.79504e+07	5.6	0	2545.76	801.25	1	1	8637.25	100	7877.19	100	1660.93	5.28835	30.32	54.6718	4.41563	3.41294	0	
2.80368e+07	5.585	0	2994.53	801.25	1	1	8647.07	100	7874.44	100	1660.99	5.29158	30.4537	53.876	4.09299	3.41456	0	
2.81232e+07	5.5	0	2276.35	801.25	1	1	8648.15	100	7871.79	100	1679.49	5.24495	30.3412	54.5998	4.58028	3.39974	0	
2.82096e+07	5.5	0	1403.92	801.25	1	1	8605.01	100	7869.22	100	1765.37	5.01305	30.7728	54.7169	4.81208	3.324	0	
2.8296e+07	5.5	0	1346.02	801.25	1	1	8624.12	100	7866.25	100	1740.92	5.08036	29.6113	53.4081	4.83465	3.34669	0	
2.83824e+07	5.5	0	1539.37	801.25	1	1	8613.19	100	7863.6	100	1756.31	5.03729	30.5222	54.3887	4.75701	3.33302	0	
2.84688e+07	5.5	0	1737.57	801.25	1	1	8629.97	100	7860.8	100	1693.83	5.19942	30.2153	54.3321	4.60903	3.38693	0	
2.85552e+07	5.5	0	1893.56	801.25	1	1	8633.24	100	7858	100	1748.38	5.06308	30.2809	54.5293	4.61813	3.34259	0	
2.86416e+07	5.5	0	1853.02	801.25	1	1	8609.28	100	7854.9	100	1688.26	5.20405	30.4274	54.6682	4.43312	3.38959	0	
2.8728e+07	5.415	0	2312.72	801.25	1	1	8633.25	100	7852.28	100	1670.56	5.25733	30.4098	54.3819	4.43389	3.40769	0	
2.88144e+07	5.4	0	2607.71	801.25	1	1	8610.26	100	7849.65	100	1701.19	5.17092	30.3729	54.3701	4.28076	3.37975	0	
2.89008e+07	5.4	0	2819.77	801.25	1	1	8619.09	100	7846.79	100	1643.02	5.31956	29.9453	54.4212	4.11021	3.42928	0	
2.89872e+07	5.4	0	2359.45	801.25	1	1	8623.98	100	7844.15	100	1700.74	5.17614	30.4665	54.8224	4.21903	3.38254	0	
2.90736e+07	5.4	0	2573.68	801.25	1	1	8619.22	100	7840.99	100	1674.53	5.23937	30.3354	54.4993	4.21806	3.404	0	
2.916e+07	5.4	0	2362.76	801.25	1	1	8600.43	100	7838.21	100	1682.53	5.21133	30.4939	54.3744	4.29229	3.38219	0	
2.92464e+07	5.4	0	2306.23	801.25	1	1	8608.38	100	7835.34	100	1684.76	5.20824	30.4233	53.7535	4.27812	3.38168	0	
2.93328e+07	5.345	0	2703.55	801.25	1	1	8607.14	100	7832.57	100	1669.89	5.24441	30.163	53.7939	4.11194	3.39575	0	
2.94192e+07	5.3	0	3782.42	801.25	1	1	8601.47	100	7829.98	100	1644.97	5.30397	30.1992	55.0589	3.72847	3.41843	0	
2.95056e+07	5.3	0	3607.5	801.25	1	1	8603.02	100	7827.28	100	1624.24	5.35597	30.3151	53.8415	3.62618	3.43837	0	
2.9592e+07	5.3	0	3450.57	801.25	1	1	8589.48	100	7824.72	100	1673.23	5.2273	30.144	54.6986	3.85875	3.39118	0	
2.96784e+07	5.3	0	3523.67	801.25	1	1	8600.76	100	7821.51	100	1642.33	5.30859	30.4514	53.9712	3.62493	3.42202	0	
2.97648e+07	5.3	0	2807.85	801.25	1	1	8592.71	100	7818.83	100	1675.6	5.22149	30.4621	54.8019	4.1375	3.39024	0	
2.98512e+07	5.3	0	2190.77	801.25	1	1	8586.94	100	7816.08	100	1693.74	5.17329	30.1828	54.8183	4.27965	3.37292	0	
2.99376e+07	5.275	0	804.697	801.25	1	1	8558.27	100	7813.35	100	1770.52	4.97069	30.616	53.6922	4.77118	3.29813	0	
3.0024e+07	5.2	0	1775.81	801.25	1	1	8566.88	100	7810.77	100	1733.16	5.06607	29.8455	54.1151	4.26917	3.33433	0	
3.01104e+07	5.2	0	2735.14	801.25	1	1	8568.2	100	7807.66	100	1665.37	5.23486	30.2108	54.3262	3.93292	3.39777	0	
3.01968e+07	5.2	0	2420.74	801.25	1	1	8559.99	100	7804.89	100	1677.86	5.19988	30.5222	54.3111	4.09271	3.38535	0	
3.02832e+07	5.2	0	2444.75	801.25	1	1	8565.91	100	7802.08	100	1677.19	5.20329	30.1595	53.8181	4.05444	3.38727	0	
3.03696e+07	5.2	0	2694.41	801.25	1	1	8560.61	100	7799.42	100	1672.64	5.21196	30.5428	54.794	4.01222	3.39107	0	
3.0456e+07	5.2	0	2039.3	801.25	1	1	8574.02	100	7796.75	100	1701.2	5.14548	30.4722	54.7835	4.34285	3.36685	0	
3.05424e+07	5.2	0	1271.37	801.25	1	1	8559.69	100	7794.15	100	1745.98	5.02778	30.378	54.2537	4.50118	3.32359	0	
3.06288e+07	5.105	0	2128.45	801.25	1	1	8564.49	100	7791.15	100	1703.45	5.13489	30.2235	53.1027	4.02097	3.36422	0	
3.07152e+07	5.1	0	3197.62	801.25	1	1	8555.75	100	7788.47	100	1633.02	5.30632	30.0155	54.2965	3.68563	3.42879	0	
3.08016e+07	5.1	0	3223.88	801.25	1	1	8559.27	100	7785.92	100	1670.77	5.21317	29.9897	54.6131	3.65021	3.39463	0	
3.0888e+07	5.1	0	2685.91	801.25	1	1	8560.63	100	7782.79	100	1684.32	5.17935	30.434	54.2313	3.96542	3.38261	0	
3.09744e+07	5.1	0	2470.9	801.25	1	1	8556.08	100	7780.04	100	1682.86	5.18058	30.3667	54.9183	3.9909	3.38369	0	
3.10608e+07	5.1	0	3215.42	801.25	1	1	8549.49	100	7777.42	100	1631.62	5.30499	30.0235	54.3662	3.61333	3.43077	0	
3.11472e+07	5.1	0	3186.25	801.25	1	1	8548.13	100	7774.82	100	1675.75	5.19402	30.2887	54.9195	3.67063	3.38992	0	
3.12336e+07	5.035	0	2050.8	801.25	1	1	8534.26	100	7771.67	100	1686.38	5.16144	30.456	54.6751	3.97729	3.37843	0	
3.132e+07	5	0	3104.14	801.25	1	1	8543.39	100	7768.84	100	1656.44	5.23894	30.0781	54.3928	3.58708	3.40804	0	
3.14064e+07	5	0	3434.7	801.25	1	1	8533.19	100	7766.09	100	1648.12	5.2549	30.1378	54.6009	3.47528	3.41462	0	
