3.15792e+07	0	0	3612.93	801.25	1	1	7490.16	100	6734.58	100	1636.53	4.6404	30.0137	53.7981	0	2.91786	0	
3.16656e+07	0	0	3781.43	801.25	1	1	7484.5	100	6704.89	100	1631.08	4.64733	30.0274	53.6743	0	2.92179	0	
3.1752e+07	0	0	4438.75	801.25	1	1	7486.03	100	6675.61	100	1621.51	4.66706	29.966	54.0872	0	2.93099	0	
3.18384e+07	0	0	3472.52	801.25	1	1	7476.77	100	6645.61	100	1635.88	4.62724	30.0121	53.708	0	2.91532	0	
3.19248e+07	0	0	2646.3	801.25	1	1	7473.56	100	6613.65	100	1677.76	4.52489	30.4567	53.6699	0	2.87348	0	
3.20112e+07	0	0	2088.78	801.25	1	1	7458.16	100	6582.41	100	1655.58	4.56622	30.0242	53.9127	0	2.89177	0	
3.20976e+07	0	0	1946.38	801.25	1	1	7453.05	100	6555.08	100	1715.18	4.41883	30.4972	54.3972	0	2.81706	0	
3.2184e+07	0	0	2460.6	801.25	1	1	7453.53	100	6522.59	100	1647.4	4.57639	30.3285	53.6893	0	2.88662	0	
3.22704e+07	0	0	2073.28	801.25	1	1	7435.62	100	6497.75	100	1679.04	4.48866	30.1794	54.2283	0	2.76889	0	
3.23568e+07	0	0	2108.88	801.25	1	1	7450.54	100	6467.33	100	1674.75	4.50093	29.9931	53.7142	0	2.76809	0	
3.24432e+07	0	0	1215.16	801.25	1	1	7430.7	100	6436.46	100	1759.15	4.27784	30.284	54.7127	0	2.675	0	
3.25296e+07	0	0	2159.67	801.25	1	1	7420.61	100	6404.65	100	1687.66	4.44569	30.6712	54.7108	0	2.74664	0	
3.2616e+07	0	0	1643.46	801.25	1	1	7432.49	100	6374.63	100	1696.83	4.4223	30.5872	54.7299	0	2.73756	0	
3.27024e+07	0	0	2085.15	801.25	1	1	7435.38	100	6346.09	100	1653.05	4.53148	30.2347	54.2959	0	2.7848	0	
3.27888e+07	0	0	2538.7	801.25	1	1	7434.46	100	6318.6	100	1665.39	4.49494	30.0085	54.0227	0	2.77022	0	
3.28752e+07	0	0	1998.98	801.25	1	1	7419.23	100	6289.52	100	1656.37	4.50712	30.4371	54.6794	0	2.77637	0	
3.29616e+07	0	0	2286.67	801.25	1	1	7408.9	100	6258.08	100	1690.99	4.40492	30.4316	54.3326	0	2.73391	0	
3.3048e+07	0	0	3069.02	801.25	1	1	7420.24	100	6226.33	100	1635.27	4.55573	30.0061	54.5477	0	2.78804	0	
3.31344e+07	0	0	2573.75	801.25	1	1	7402.59	100	6199.35	100	1617.24	4.59289	29.9728	54.5789	0	2.8064	0	
3.32208e+07	0	0	2465.23	801.25	1	1	7397.68	100	6172.64	100	1662.44	4.46186	30.223	54.5446	0	2.74557	0	
3.33072e+07	0	0	3419.54	801.25	1	1	7408.15	100	6141.93	100	1619.5	4.58338	29.9615	53.8856	0	2.8042	0	
3.33936e+07	0	0	3290.42	801.25	1	1	7399.22	100	6113.1	100	1625.54	4.55813	30.0006	53.8319	0	2.7933	0	
3.348e+07	0	0	3124.84	801.25	1	1	7389.45	100	6083.41	100	1625.16	4.55037	30.0778	53.8068	0	2.79076	0	
3.35664e+07	0	0	3038.38	801.25	1	1	7386.13	100	6052.3	100	1639.81	4.5016	30.1033	54.0535	0	2.76861	0	
3.36528e+07	0	0	2708.55	801.25	1	1	7383.08	100	6021.72	100	1626.78	4.5343	29.8753	54.0153	0	2.78533	0	
3.37392e+07	0	0	3198.94	801.25	1	1	7380.75	100	5994.55	100	1622.91	4.54117	29.979	53.8117	0	2.78967	0	
3.38256e+07	0	0	3511.87	801.25	1	1	7379.82	100	5965.24	100	1618.11	4.55166	30.0144	53.7728	0	2.79578	0	
3.3912e+07	0	0	2389.59	801.25	1	1	7375.97	100	5935.84	100	1642.02	4.4712	29.6861	53.9819	0	2.75839	0	
3.39984e+07	0	0	3546.94	801.25	1	1	7370.48	100	5905.95	100	1615.48	4.54727	29.9617	53.8481	0	2.78635	0	
3.40848e+07	0	0	3809.22	801.25	1	1	7365.92	100	5876.49	100	1607.61	4.56626	29.9973	53.9315	0	2.79676	0	
3.41712e+07	0	0	3292.68	801.25	1	1	7364.38	100	5846.77	100	1617.08	4.53103	30.0867	53.8371	0	2.77943	0	
3.42576e+07	0	0	2742.77	801.25	1	1	7354.51	100	5815.21	100	1649.26	4.41376	29.9578	54.1702	0	2.71852	0	
3.4344e+07	0	0	2264.23	801.25	1	1	7343.15	100	5782.57	100	1638.74	4.43598	30.2516	54.3403	0	2.73142	0	
3.44304e+07	0	0	2048.18	801.25	1	1	7324.02	100	5753.73	100	1633.86	4.43562	30.5072	54.7464	0	2.73244	0	
3.45168e+07	0	0	1460.92	801.25	1	1	7309.54	100	5724.97	100	1671.7	4.29029	30.2657	54.186	0	2.65638	0	
3.46032e+07	0	0	2380.2	801.25	1	1	7332.1	100	5699.39	100	1626.61	4.45619	30.2009	54.2565	0	2.74578	0	
3.46896e+07	0	0	2828.04	801.25	1	1	7336.31	100	5669.5	100	1622.84	4.46731	30.0404	54.0276	0	2.75287	0	
3.4776e+07	0	0	3065.64	801.25	1	1	7330.77	100	5640.09	100	1611.03	4.5022	29.9797	54.1891	0	2.77273	0	
3.48624e+07	0	0	2042.43	801.25	1	1	7313.28	100	5608.74	100	1641.2	4.37253	30.5097	54.0147	0	2.69794	0	
3.49488e+07	0	0	1960.23	801.25	1	1	7330.56	100	5577.27	100	1650.59	4.34043	29.9667	53.9535	0	2.66944	0	
3.50352e+07	0	0	2086.55	801.25	1	1	7303.26	100	5547.51	100	1633.41	4.38141	30.8037	54.3788	0	2.69459	0	
3.51216e+07	0	0	2061.81	801.25	1	1	7306.55	100	5515.77	100	1627.77	4.39878	30.7667	53.8627	0	2.70606	0	
3.5208e+07	0	0	2306.32	801.25	1	1	7312.64	100	5488.16	100	1634.8	4.36838	30.4045	53.9208	0	2.68943	0	
3.52944e+07	0	0	2819.48	801.25	1	1	7306.13	100	5460.55	100	1602.25	4.49223	30.1	54.421	0	2.76337	0	
3.53808e+07	0	0	3163.35	801.25	1	1	7297.17	100	5431.6	100	1601.6	4.48364	30.1493	53.9356	0	2.75981	0	
3.54672e+07	0	0	2849.49	801.25	1	1	7299.64	100	5400.92	100	1619.6	4.4026	29.9719	53.9922	0	2.71354	0	
3.55536e+07	0	0	3505.8	801.25	1	1	7297.39	100	5370.42	100	1591.32	4.51976	30.0278	54.0043	0	2.78372	0	
3.564e+07	0	0	3126.35	801.25	1	1	7288.27	100	5341.61	100	1609.27	4.42669	30.054	53.92	0	2.73022	0	
3.57264e+07	0	0	3112.25	801.25	1	1	7286.64	100	5310.36	100	1593.21	4.49372	30.3326	53.7103	0	2.77113	0	
3.58128e+07	0	0	3199.03	801.25	1	1	7283.59	100	5282.69	100	1602.02	4.44495	30.331	53.7731	0	2.7365	0	
3.58992e+07	0	0	2509.19	801.25	1	1	7277.11	100	5253.42	100	1606.13	4.41348	29.8364	54.0519	0	2.71199	0	
3.59856e+07	0	0	2420	801.25	1	1	7261.39	100	5225.61	100	1613.36	4.35713	30.1808	54.1032	0	2.67714	0	
3.6072e+07	0	0	2170.1	801.25	1	1	7259.78	100	5195.6	100	1605.44	4.38792	30.1855	54.22	0	2.69838	0	
3.61584e+07	0	0	2285.49	801.25	1	1	7247.95	100	5165.81	100	1612.8	4.33088	29.9553	54.2347	0	2.66315	0	
3.62448e+07	0	0	2560.15	801.25	1	1	7251.3	100	5136.91	100	1598.23	4.40367	30.1094	54.204	0	2.71136	0	
3.63312e+07	0	0	2476.73	801.25	1	1	7240.62	100	5104.81	100	1605.35	4.34556	30.361	54.0845	0	2.65633	0	
3.64176e+07	0	0	1872.35	801.25	1	1	7243.86	100	5073.77	100	1607.29	4.32819	29.9019	54.346	0	2.58361	0	
3.6504e+07	0	0	1893.41	801.25	1	1	7235	100	5046	100	1623.67	4.21323	30.3544	54.7344	0	2.51613	0	
3.65904e+07	0	0	1604.88	801.25	1	1	7241.15	100	5015.06	100	1606.89	4.3076	30.3068	54.3115	0	2.5737	0	
3.66768e+07	0	0	1455.61	801.25	1	1	7244.34	100	4987.26	100	1629.95	4.15406	29.726	54.0628	0	2.48296	0	
3.67632e+07	0	0	1391.91	801.25	1	1	7212.93	100	4956.65	100	1606.69	4.25564	30.0188	53.9914	0	2.53259	0	
3.68496e+07	0	0	1072.12	801.25	1	1	7238.15	100	4928.2	100	1635.8	4.07302	29.8679	54.3451	0	2.40663	0	
3.6936e+07	0	0	1984.65	801.25	1	1	7220.62	100	4896.83	100	1602.98	4.26326	30.301	54.7611	0	2.53175	0	
3.70224e+07	0	0	2760.09	801.25	1	1	7213.29	100	4865.75	100	1579.76	4.40908	30.2251	54.0192	0	2.62808	0	
3.71088e+07	0	0	3114.06	801.25	1	1	7214.58	100	4837.59	100	1581.09	4.39359	30.2385	53.9282	0	2.61944	0	
3.71952e+07	0	0	2249.09	801.25	1	1	7207.7	100	4806.98	100	1590.95	4.29621	30.2587	54.0528	0	2.55724	0	
3.72816e+07	0	0	1726.39	801.25	1	1	7194.39	100	4776.04	100	1595.47	4.22593	30.516	54.2554	0	2.51272	0	
3.7368e+07	0	0	1975.09	801.25	1	1	7200.24	100	4747.28	100	1587.97	4.28249	30.0642	53.8283	0	2.551	0	
3.74544e+07	0	0	1534.48	801.25	1	1	7190.54	100	4719.97	100	1597.67	4.16588	29.7727	53.2736	0	2.47582	0	
3.75408e+07	0	0	1814.3	801.25	1	1	7193.7	100	4692.26	100	1585	4.2715	30.3704	54.491	0	2.54653	0	
3.76272e+07	0	0	1471.05	801.25	1	1	7162.3	100	4662.74	100	1593.36	4.12012	30.8162	54.5467	0	2.44828	0	
3.77136e+07	0	0	1583.4	801.25	1	1	7179.64	100	4632.39	100	1588.59	4.17212	29.9265	53.5576	0	2.46476	0	
3.78e+07	0	0	1654.11	801.25	1	1	7162.46	100	4602.69	100	1585.37	4.15168	30.579	54.4197	0	2.44628	0	
3.78864e+07	0	0	1624.88	801.25	1	1	7184.12	100	4569.13	100	1585.68	4.15822	29.8426	53.6308	0	2.45241	0	
3.79728e+07	0	0	1534.18	801.25	1	1	7160.41	100	4542.18	100	1578.24	4.17704	31.2384	54.5813	0	2.46686	0	
3.80592e+07	0	0	1239.43	801.25	1	1	7143.6	100	4513.9	100	1584.66	4.02879	30.0885	54.5021	0	2.36294	0	
3.81456e+07	0	0	2317.98	801.25	1	1	7163.51	100	4481.39	100	1568.08	4.27578	29.9906	54.6101	0	2.54065	0	
3.8232e+07	0	0	2615.12	801.25	1	1	7161.29	100	4453.35	100	1560.01	4.3807	30.1313	54.5817	0	2.61721	0	
3.83184e+07	0	0	2629.29	801.25	1	1	7155.62	100	4424.36	100	1565.85	4.24134	29.795	54.2044	0	2.51911	0	
3.84048e+07	0	0	2566.16	801.25	1	1	7142.47	100	4393.91	100	1555.98	4.35902	30.0558	54.4902	0	2.60495	0	
3.84912e+07	0	0	2521.17	801.25	1	1	7146.96	100	4365.23	100	1562.58	4.20866	30.4	54.3685	0	2.49864	0	
3.85776e+07	0	0	2088.75	801.25	1	1	7125.32	100	4333	100	1554.52	4.26858	30.6564	54.7051	0	2.54314	0	
3.8664e+07	0	0	1750.94	801.25	1	1	7140.62	100	4303.08	100	1559.53	4.1531	30.0844	54.5706	0	2.43747	0	
3.87504e+07	0	0	1737.79	801.25	1	1	7112	100	4275.49	100	1550.92	4.22194	30.551	54.6308	0	2.49214	0	
3.88368e+07	0	0	1178	801.25	1	1	7129.22	100	4246.34	100	1558.97	3.90546	29.9357	54.1435	0	2.24872	0	
3.89232e+07	0	0	687.488	801.25	1	1	7103.21	100	4216.05	100	1552.56	3.86616	29.6513	54.3846	0	2.21975	0	
3.90096e+07	0	0	1701.1	801.25	1	1	7110.52	100	4186.75	100	1547.26	4.10408	30.4703	53.6926	0	2.40573	0	
3.9096e+07	0	0	2062.47	801.25	1	1	7107.38	100	4156.55	100	1543.61	4.25257	29.8734	54.2763	0	2.52244	0	
3.91824e+07	0	0	1488.64	801.25	1	1	7097.02	100	4130	100	1540.77	3.98727	30.5934	54.3819	0	2.31757	0	
3.92688e+07	0	0	1501.24	801.25	1	1	7099.21	100	4100.24	100	1538.37	4.05145	31.039	54.2695	0	2.36865	0	
3.93552e+07	0	0	1369.43	801.25	1	1	7107.16	100	4071.35	100	1536.08	3.96887	32.464	54.238	0	2.30568	0	
3.94416e+07	0	0	1298.3	801.25	1	1	7102.89	100	4041.18	100	1530.69	3.87428	31.1569	53.8731	0	2.23333	0	
3.9528e+07	0	0	1560.39	801.25	1	1	7093.83	100	4009.75	100	1530.11	4.05759	30.3284	53.1974	0	2.37812	0	
3.96144e+07	0	0	2206.27	801.25	1	1	7075.75	100	3980.27	100	1529.93	4.2346	30.4449	54.4515	0	2.49954	0	
3.97008e+07	0	0	1639.69	801.25	1	1	7075.18	100	3949.23	100	1522.53	4.06362	30.4392	54.4148	0	2.35839	0	
3.97872e+07	0	0	1968.38	801.25	1	1	7090.89	100	3918.44	100	1525.71	4.13606	30.201	54.5844	0	2.42072	0	
3.98736e+07	0	0	1035.22	801.25	1	1	7042.15	100	3890.86	100	1500.37	3.78272	33.0174	54.4676	0	2.12562	0	
3.996e+07	0	0	1101.95	801.25	1	1	7063.47	100	3860.97	100	1500.35	3.80496	30.5431	53.1179	0	2.14609	0	
4.00464e+07	0	0	1330.39	801.25	1	1	7049.67	100	3830.67	100	1505.33	3.99828	31.0549	53.8908	0	2.30939	0	
4.01328e+07	0	0	1493.27	801.25	1	1	7061.78	100	3803.12	100	1512.51	4.11581	30.0813	53.7678	0	2.4103	0	
4.02192e+07	0	0	2174.69	801.25	1	1	7048.18	100	3772.86	100	1508.28	4.11508	30.2235	54.3954	0	2.41139	0	
4.03056e+07	0	0	1708.77	801.25	1	1	7064.22	100	3741.77	100	1507.44	4.09646	30.1487	54.2992	0	2.39723	0	
4.0392e+07	0	0	1152.36	801.25	1	1	7020.48	100	3715.37	100	1473.7	3.78174	31.5739	54.4972	0	2.13245	0	
4.04784e+07	0	0	1352.71	801.25	1	1	7040.91	100	3685.54	100	1496.61	4.05802	30.4644	54.0788	0	2.3289	0	
4.05648e+07	0	0	1314.58	801.25	1	1	7038.46	100	3655.57	100	1479.64	3.90381	30.217	54.0875	0	2.13896	0	
4.06512e+07	0	0	1800.84	801.25	1	1	7034.09	100	3626.01	100	1494.38	4.08892	30.6519	54.4251	0	2.29764	0	
4.07376e+07	0	0	1824.54	801.25	1	1	7016.36	100	3594.94	100	1462.48	3.83225	29.0636	54.0875	0	2.08078	0	
4.0824e+07	0	0	1511.56	801.25	1	1	7014.76	100	3565	100	1470.14	3.93719	32.6635	54.5881	0	2.17123	0	
4.09104e+07	0	0	1547.23	801.25	1	1	7035.94	100	3536.08	100	1468.33	3.91762	30.0178	53.6695	0	2.15639	0	
4.09968e+07	0	0	1613.19	801.25	1	1	7015.59	100	3507.2	100	1474.39	4.01436	31.6618	54.4979	0	2.24031	0	
4.10832e+07	0	0	2009.96	801.25	1	1	7013.13	100	3477.85	100	1484.86	4.11417	30.6925	54.4417	0	2.32754	0	
4.11696e+07	0	0	2056.7	801.25	1	1	7013.67	100	3447.41	100	1474.05	4.0473	30.1619	54.2801	0	2.27188	0	
4.1256e+07	0	0	1722.62	801.25	1	1	6999.93	100	3418.79	100	1460.11	3.97893	30.4217	54.2137	0	2.21469	0	
4.13424e+07	0	0	1515.62	801.25	1	1	6998.02	100	3390.21	100	1426.63	3.77047	32.614	54.3294	0	2.03714	0	
4.14288e+07	0	0	861.905	801.25	1	1	6978.24	100	3357.22	100	1365.12	3.41188	32.9085	53.1659	0	1.69545	0	
4.15152e+07	0	0	784.648	801.25	1	1	7009.45	100	3327.74	100	1344.26	3.3045	30.216	54.4393	0	1.57254	0	
4.16016e+07	0	0	1039.61	801.25	1	1	7003.69	100	3298.1	100	1365.13	3.47232	29.1281	53.6248	0	1.72681	0	
4.1688e+07	0	0	1243.56	801.25	1	1	6963.74	100	3268.67	100	1363.97	3.52134	28.9744	54.5035	0	1.77273	0	
4.17744e+07	0	0	171	801.25	1	1	0	100	3240.02	100	1209.61	2.6786	26.9619	53.8437	0	1	0	
4.18608e+07	0	0	476.029	801.25	1	1	6940.51	100	3209.74	100	1324.71	3.37472	27.7338	54.0324	0	1.64077	0	
4.19472e+07	0	0	600.856	801.25	1	1	6967.49	100	3179.47	100	1328.96	3.41948	29.8322	54.5976	0	1.67845	0	
4.20336e+07	0	0	748.416	801.25	1	1	6967.13	100	3149.23	100	1378.6	3.70149	30.011	53.7581	0	1.93669	0	
4.212e+07	0	0	1320.39	801.25	1	1	6952.03	100	3120.21	100	1398.35	3.8279	30.8253	54.8474	0	2.05254	0	
4.22064e+07	0	0	1622.93	801.25	1	1	6947.02	100	3089.92	100	1412.56	3.91509	29.599	54.3124	0	2.1327	0	
4.22928e+07	0	0	1756.38	801.25	1	1	6936.89	100	3061.32	100	1424.68	3.99066	30.4981	54.9139	0	2.20291	0	
4.23792e+07	0	0	1172.7	801.25	1	1	6936.87	100	3031.41	100	1401.67	3.89613	30.9675	54.5375	0	2.11248	0	
4.24656e+07	0	0	1102.21	801.25	1	1	6953.16	100	3001.94	100	1311.2	3.50541	32.2319	54.6805	0	1.73526	0	
4.2552e+07	0	0	793.742	801.25	1	1	6898.49	100	2973.05	100	1280.95	3.42069	32.809	54.0114	0	1.64885	0	
4.26384e+07	0	0	668.74	801.25	1	1	0	100	2943.61	100	1098.95	2.6786	28.1513	53.9898	0	0.92	0	
4.27248e+07	0	0	138.182	801.25	1	1	6947.73	100	2913.11	100	1147.84	2.91884	26.3742	54.1828	0	1.14624	0	
4.28112e+07	0	0	284.442	801.25	1	1	6927.96	100	2883.49	100	1247.66	3.34999	32.2086	54.6588	0	1.56429	0	
4.28976e+07	0	0	427.082	801.25	1	1	6938.85	100	2854.07	100	1222.53	3.27387	29.3523	54.3535	0	1.48368	0	
4.2984e+07	0	0	1180.93	801.25	1	1	6740.62	100	2824.6	100	1116.22	2.92987	28.0934	54.6033	0	1.13251	0	
4.30704e+07	0	0	418.997	801.25	1	1	6915.88	100	2793.9	100	1226.79	3.34811	31.4078	53.9065	0	1.54793	0	
4.31568e+07	0	0	556.462	801.25	1	1	6922.82	100	2763.97	100	1223.89	3.35861	32.592	54.0036	0	1.55394	0	
4.32432e+07	0	0	819.6	801.25	1	1	0	100	2735.17	100	1021.13	2.6786	27.7274	54.5624	0	0.854885	0	
4.33296e+07	0	0	476.301	801.25	1	1	6874.45	100	2704.77	100	1200.27	3.33457	32.5578	53.9656	0	1.51858	0	
4.3416e+07	0	0	382.848	801.25	1	1	0	100	2675.98	100	999.031	2.6786	32.2539	54.5222	0	0.834859	0	
4.35024e+07	0	0	521.059	801.25	1	1	6862.1	100	2645.73	100	1188.52	3.34119	31.4022	54.0055	0	1.51716	0	
4.35888e+07	0	0	665.717	801.25	1	1	6903.82	100	2616	100	1251.08	3.54823	29.6428	53.9751	0	1.73071	0	
4.36752e+07	0	0	725.934	801.25	1	1	6890.64	100	2587.13	100	1212.1	3.44618	31.7762	54.566	0	1.61916	0	
4.37616e+07	0	0	548.164	801.25	1	1	6891.46	100	2556.85	100	1165.23	3.32072	31.923	54.004	0	1.48138	0	
4.3848e+07	0	0	237.317	801.25	1	1	0	100	2527.94	100	943.765	2.6786	31.7813	54.5344	0	0.79	0	
4.39344e+07	0	0	387.406	801.25	1	1	6888.36	100	2498.42	100	1025.47	2.94933	27.2012	54.5226	0	1.07143	0	
4.40208e+07	0	0	467.032	801.25	1	1	6834.72	100	2468.93	100	1127.98	3.28098	32.3315	54.5976	0	1.42228	0	
4.41072e+07	0	0	975.499	801.25	1	1	6867.77	100	2438.93	100	1147.24	3.3476	32.9473	53.9562	0	1.48956	0	
4.41936e+07	0	0	383.833	801.25	1	1	0	100	2410.17	100	899.796	2.6786	31.8069	54.2433	0	0.752524	0	
4.428e+07	0	0	46	801.25	1	1	0	100	2380	100	888.534	2.6786	30.4764	54.4846	0	0.743216	0	
4.43664e+07	0	0	142.5	801.25	1	1	0	100	2350.44	100	877.497	2.6786	29.0917	54.4765	0	0.734901	0	
4.44528e+07	0	0	0	801.25	1	1	0	100	2320.81	100	866.437	2.6786	28.0877	54.4721	0	0.724878	0	
4.45392e+07	0	0	440.982	801.25	1	1	6843.06	100	2291.34	100	1081.21	3.26178	32.0438	54.5986	0	1.37013	0	
4.46256e+07	0	0	828.091	801.25	1	1	0	100	2261.58	100	844.324	2.6786	28.1165	54.4603	0	0.706238	0	
4.4712e+07	0	0	0	801.25	1	1	0	100	2231.95	100	833.26	2.6786	26.4817	54.4487	0	0.7	0	
4.47984e+07	0	0	331.917	801.25	1	1	6820.29	100	2202.48	100	1065.29	3.27556	26.0171	54.2607	0	1.33891	0	
4.48848e+07	0	0	378.414	801.25	1	1	0	100	2173.64	100	811.494	2.6786	31.4347	54.4932	0	0.680526	0	
4.49712e+07	0	0	714.248	801.25	1	1	6838.18	100	2142.86	100	1040.78	3.24709	30.3888	54.2226	0	1.29563	0	
4.50576e+07	0	0	444.049	801.25	1	1	6797.22	100	2113.64	100	1021.6	3.22479	32.0693	54.4834	0	1.26514	0	
4.5144e+07	0	0	809.144	801.25	1	1	6824.83	100	2083.68	100	1030.21	3.2563	32.2421	54.2129	0	1.29463	0	
4.52304e+07	0	0	425.958	801.25	1	1	6824.56	100	2054.38	100	817.037	2.79113	27.7095	54.4057	0	0.766452	0	
4.53168e+07	0	0	0	801.25	1	1	0	100	2024.71	100	755.891	2.6786	25.5396	54.3969	0	0.632521	0	
4.54032e+07	0	0	0	801.25	1	1	0	100	1995.11	100	744.839	2.6786	24.5919	54.364	0	0.622563	0	
4.54896e+07	0	0	0	801.25	1	1	0	100	1965.51	100	733.792	2.6786	23.6459	54.3853	0	0.614835	0	
4.5576e+07	0	0	127.831	801.25	1	1	6810.37	100	1935.77	100	884.038	3.02	27.3482	54.2966	0	0.997049	0	
4.56624e+07	0	0	348.413	801.25	1	1	6748.79	100	1906.35	100	942.782	3.16793	32.1169	54.4179	0	1.1611	0	
4.57488e+07	0	0	457.921	801.25	1	1	6747.07	100	1876.84	100	930.701	3.1579	31.4294	54.4887	0	1.14326	0	
4.58352e+07	0	0	1206.35	801.25	1	1	6755.37	100	1847.09	100	950.381	3.21262	32.8638	54.3731	0	1.20401	0	
4.59216e+07	0	0	277.738	801.25	1	1	0	100	1817.46	100	678.518	2.6786	33.2762	54.3374	0	0.57	0	
4.6008e+07	0	0	569.731	801.25	1	1	6785.75	100	1787.87	100	846.184	3.02987	27.7731	54.317	0	0.976577	0	
4.60944e+07	0	0	173.667	801.25	1	1	6698.09	100	1758.36	100	737.851	2.84022	33.6265	54.3597	0	0.742752	0	
4.61808e+07	0	0	317.277	801.25	1	1	0	100	1728.65	100	645.362	2.6786	29.8826	54.2792	0	0.54	0	
4.62672e+07	0	0	636.061	801.25	1	1	6761.86	100	1698.5	100	937.288	3.25267	29.6837	53.8899	0	1.22349	0	
4.63536e+07	0	0	94.7861	801.25	1	1	6676.81	100	1669.42	100	790.386	2.99749	34.2619	54.309	0	0.907536	0	
4.644e+07	0	0	262.618	801.25	1	1	0	100	1639.79	100	612.186	2.6786	32.1969	54.2675	0	0.511586	0	
4.65264e+07	0	0	337.652	801.25	1	1	0	100	1610.14	100	601.118	2.6786	29.5836	54.2384	0	0.502517	0	
4.66128e+07	0	0	393.206	801.25	1	1	6758.4	100	1580.64	100	829.297	3.10669	32.7304	54.2884	0	1.02368	0	
4.66992e+07	0	0	274.519	801.25	1	1	0	100	1550.9	100	579.001	2.6786	31.0197	54.2043	0	0.484837	0	
4.67856e+07	0	0	465.612	801.25	1	1	6733.89	100	1521.33	100	805.295	3.09397	32.2747	54.2237	0	0.994479	0	
4.6872e+07	0	0	1128.01	801.25	1	1	6695.34	100	1491.7	100	805.447	3.11149	33.0794	54.1888	0	1.00981	0	
4.69584e+07	0	0	0	801.25	1	1	0	100	1462.03	100	545.823	2.6786	33.6977	54.1253	0	0.457385	0	
4.70448e+07	0	0	0	801.25	1	1	0	100	1432.42	100	534.768	2.6786	32.7511	54.1413	0	0.45	0	
4.71312e+07	0	0	0	801.25	1	1	0	100	1402.7	100	523.674	2.6786	31.8047	54.0683	0	0.44	0	
4.72176e+07	0	0	171	801.25	1	1	0	100	1373.09	100	512.622	2.6786	30.6012	54.0481	0	0.43	0	
4.7304e+07	0	0	247.854	801.25	1	1	0	100	1343.45	100	501.554	2.6786	29.4951	54.0167	0	0.42	0	
4.73904e+07	0	0	861.91	801.25	1	1	6680.3	100	1313.98	99.8766	736.77	3.07562	32.2767	54.1171	0	0.927785	0	
4.74768e+07	0	0	224.194	801.25	1	1	0	100	1283.72	99.8353	479.256	2.6786	31.3521	53.6379	0	0.4	0	
4.75632e+07	0	0	0	801.25	1	1	0	100	1254.11	100	468.201	2.6786	30.2862	53.6269	0	0.390159	0	
4.76496e+07	0	0	0	801.25	1	1	0	100	1224.31	100	457.076	2.6786	29.3407	53.4531	0	0.382835	0	
4.7736e+07	0	0	0	801.25	1	1	0	100	1195.29	100	446.242	2.6786	28.3932	53.8404	0	0.372977	0	
4.78224e+07	0	0	114	801.25	1	1	0	100	1165.48	99.8973	435.113	2.6786	27.2799	53.5769	0	0.362816	0	
4.79088e+07	0	0	0	801.25	1	1	0	100	1136.07	100	424.132	2.6786	26.304	53.8509	0	0.353237	0	
4.79952e+07	0	0	39.0055	801.25	1	1	6651.58	100	1106.99	99.9301	627.493	2.9967	33.5462	53.8764	0	0.776621	0	
4.80816e+07	0	0	158.1	801.25	1	1	0	100	1078.6	99.9504	402.676	2.6786	33.5334	54.1337	0	0.336443	0	
4.8168e+07	0	0	114.267	801.25	1	1	0	100	1049.4	99.9117	391.777	2.6786	32.0441	54.1073	0	0.329172	0	
4.82544e+07	0	0	0	801.25	1	1	0	100	1020.1	99.9561	380.838	2.6786	30.8506	54.0504	0	0.32	0	
4.83408e+07	0	0	0	801.25	1	1	0	100	990.85	99.9047	369.917	2.6786	29.9042	54.0139	0	0.310888	0	
4.84272e+07	0	0	0	801.25	1	1	0	100	961.582	99.9029	358.991	2.6786	28.9569	53.9706	0	0.301027	0	
4.85136e+07	0	0	242.05	801.25	1	1	0	100	932.299	99.9041	348.058	2.6786	27.9975	53.9167	0	0.291153	0	
4.86e+07	0	0	549.279	801.25	1	1	6641.5	100	902.637	99.9571	549.585	2.96984	31.0037	53.6019	0	0.692389	0	
4.86864e+07	0	0	589.81	801.25	1	1	6645.27	100	873.348	99.8925	536.842	2.9638	32.4315	53.5755	0	0.6766	0	
4.87728e+07	0	0	712.077	801.25	1	1	6649.68	100	844.579	99.9568	335.261	2.70522	28.046	53.7407	0	0.299439	0	
4.88592e+07	0	0	888.467	801.25	1	1	6641.22	100	814.599	99.9319	500.549	2.93873	30.5188	53.0882	0	0.611275	0	
4.89456e+07	0	0	561.2	801.25	1	1	6644.12	100	785.979	99.9611	324.064	2.71868	27.2806	53.8194	0	0.301375	0	
4.9032e+07	0	0	304.333	801.25	1	1	6640.14	100	756.098	100	419.541	2.85633	31.2466	53.3266	0	0.483515	0	
4.91184e+07	0	0	0	801.25	1	1	0	100	727.092	100	271.448	2.6786	31.7698	53.4717	0	0.226807	0	
4.92048e+07	0	0	0	801.25	1	1	0	100	697.802	99.9454	260.513	2.6786	30.8253	53.3746	0	0.217247	0	
4.92912e+07	0	0	219.545	801.25	1	1	0	100	668.342	100	249.514	2.6786	29.8632	53.2251	0	0.209033	0	
4.93776e+07	0	0	722.883	801.25	1	1	6623.14	100	638.69	99.8175	375.967	2.84959	31.764	52.9765	0	0.44284	0	
4.9464e+07	0	0	206.869	801.25	1	1	0	100	609.158	99.9483	227.419	2.6786	32.1447	52.7997	0	0.190649	0	
4.95504e+07	0	0	403.401	801.25	1	1	0	100	579.671	99.9434	216.41	2.6786	29.2177	52.6269	0	0.182062	0	
4.96368e+07	0	0	0	801.25	1	1	0	100	550.225	99.8244	205.417	2.6786	27.9951	52.5076	0	0.172892	0	
4.97232e+07	0	0	312.62	801.25	1	1	0	100	520.358	99.889	194.267	2.6786	27.0345	52.7136	0	0.162839	0	
4.98096e+07	0	0	722.617	801.25	1	1	6573.35	100	489.474	99.8722	347.726	2.87474	32.6369	52.834	0	0.43914	0	
4.9896e+07	0	0	114.253	801.25	1	1	0	100	459.506	99.9384	171.549	2.6786	32.5165	52.8941	0	0.141932	0	
4.99824e+07	0	0	91	801.25	1	1	0	100	430.598	99.9303	160.757	2.6786	31.4892	52.2951	0	0.133346	0	
5.00688e+07	0	0	202.983	801.25	1	1	0	100	402.002	99.9335	150.081	2.6786	30.0331	51.7876	0	0.124973	0	
5.01552e+07	0	0	772.802	801.25	1	1	6542.92	100	372.791	100	250.307	2.80604	32.9174	51.9886	0	0.306938	0	
5.02416e+07	0	0	228	801.25	1	1	0	100	345.263	100	128.898	2.6786	33.009	52.9719	0	0.108422	0	
5.0328e+07	0	0	0	801.25	1	1	0	100	314.373	99.9259	117.366	2.6786	31.9674	50.576	0	0.0978021	0	
5.04144e+07	0	0	0	801.25	1	1	0	100	284.784	99.7235	106.319	2.6786	31.0228	48.5085	0	0.0889896	0	
5.05008e+07	0	0	0	801.25	1	1	0	100	255.195	100	95.2729	2.6786	30.0737	44.4009	0	0.0797382	0	
5.05872e+07	0	0	0	801.25	1	1	0	100	225.606	100	84.2263	2.6786	29.1293	38.2557	0	0.0704979	0	
5.06736e+07	0	0	0	801.25	1	1	0	100	196.017	100	73.1797	2.6786	28.1805	30.0713	0	0.0612583	0	
5.076e+07	0	0	0	801.25	1	1	0	100	166.428	100	62.1331	2.6786	27.2356	20.3278	0	0.0520069	0	
5.08464e+07	0	0	0	801.25	1	1	0	100	136.839	100	51.0866	2.6786	26.2876	15.6172	0	0.0427528	0	
5.09328e+07	0	0	0	801.25	1	1	0	100	107.25	100	40.04	2.6786	25.3419	15.3723	0	0.0335132	0	
5.10192e+07	0	0	46	801.25	1	1	0	100	77.6609	100	28.9934	2.6786	24.3946	15.154	0	0.0242743	0	
5.11056e+07	0	0	178.303	801.25	1	1	0	100	48.0719	100	17.9468	2.6786	22.8487	15	0	0.0150236	0	
5.1192e+07	0	0	136.749	801.25	1	1	0	100	18.4829	100	6.90027	2.6786	20.919	15	0	0.00576708	0	
5.12784e+07	0	0	0	801.25	1	1	0	100	1.8493	100	0.690406	2.6786	19.8462	15	0	0.000576706	0	
5.13648e+07	0	0	0	801.25	0	1	0	100	0	100	0	0	18.8994	15	0	0	0	
5.14512e+07	0	0	137.171	801.25	0	1	0	100	0	100	0	0	17.9368	15	0	0	0	
5.15376e+07	0	0	460.124	801.25	0	1	0	100	0	100	0	0	15.2469	15	0	0	0	
5.1624e+07	0	0	0	801.25	0	1	0	100	0	100	0	0	15	15	0	0	0	
5.17104e+07	0	0	0	801.25	0	1	0	100	0	100	0	0	15	15	0	0	0	
5.17968e+07	0	0	0	801.25	0	1	0	100	0	100	0	0	15	15	0	0	0	
5.18832e+07	0	0	0	801.25	0	1	0	100	0	100	0	0	15	15	0	0	0	
5.19696e+07	0	0	114	801.25	0	1	0	100	0	100	0	0	15	15	0	0	0	
5.2056e+07	0	0	0	801.25	0	1	0	100	0	100	0	0	15	15	0	0	0	
5.21424e+07	0	0	304.65	801.25	0	1	0	100	0	100	0	0	15	15	0	0	0	
5.22288e+07	0	0	540.327	801.25	0	1	0	100	0	100	0	0	15	15	0	0	0	
5.23152e+07	0	0	564.402	801.25	0	1	0	100	0	100	0	0	15	15	0	0	0	
5.24016e+07	0	0	433.31	801.25	0	1	0	100	0	100	0	0	15	15	0	0	0	
5.2488e+07	0	0	494.953	801.25	0	1	0	100	0	100	0	0	15	15	0	0	0	
5.25744e+07	0	0	519.614	801.25	0	1	0	100	0	100	0	0	15	15	0	0	0	
5.26608e+07	0	0	121.667	801.25	0	1	0	100	0	100	0	0	15	15	0	0	0	
5.27472e+07	0	0	0	801.25	0	1	0	100	0	100	0	0	15	15	0	0	0	
5.28336e+07	0	0	30.6667	801.25	0	1	0	100	0	100	0	0	15	15	0	0	0	
5.292e+07	0	0	0	801.25	0	1	0	100	0	100	0	0	15	15	0	0	0	
5.30064e+07	0	0	86.5311	801.25	0	1	0	100	0	100	0	0	15	15	0	0	0	
5.30928e+07	0	0	146.764	801.25	0	1	0	100	0	100	0	0	15	15	0	0	0	
5.31792e+07	0	0	144.333	801.25	0	1	0	100	0	100	0	0	15	15	0	0	0	
5.32656e+07	0	0	46	801.25	0	1	0	100	0	100	0	0	15	15	0	0	0	
5.3352e+07	0	0	0	801.25	0	1	0	100	0	100	0	0	15	15	0	0	0	
5.34384e+07	0	0	284.671	801.25	0	1	0	100	0	100	0	0	15	15	0	0	0	
5.35248e+07	0	0	826.22	801.25	0	1	0	0	0	100	0	0	15	15	0	0	0	
5.36112e+07	0	0	639.231	801.25	0	1	0	100	0	100	0	0	15	15	0	0	0	
5.36976e+07	0	0	1052.11	801.25	0	1	0	100	0	100	0	0	15	15	0	0	0	
5.3784e+07	0	0	612.271	801.25	0	1	0	100	0	100	0	0	15	15	0	0	0	
5.38704e+07	0	0	866.37	801.25	0	1	0	100	0	100	0	0	15	15	0	0	0	
5.39568e+07	0	0	383.953	801.25	0	1	0	100	0	100	0	0	15	15	0	0	0	
5.40432e+07	0	0	953.328	801.25	0	1	0	0	0	100	0	0	15	15	0	0	0	
5.41296e+07	0	0	890.988	801.25	0	1	0	100	0	100	0	0	15	15	0	0	0	
5.4216e+07	0	0	696.499	801.25	0	1	0	100	0	100	0	0	15	15	0	0	0	
5.43024e+07	0	0	482.694	801.25	0	1	0	100	0	100	0	0	15	15	0	0	0	
5.43888e+07	0	0	726.07	801.25	0	1	0	100	0	100	0	0	15	15	0	0	0	
5.44752e+07	0	0	619.023	801.25	0	1	0	100	0	100	0	0	15	15	0	0	0	
5.45616e+07	0	0	402.033	801.25	0	1	0	100	0	100	0	0	15	15	0	0	0	
5.4648e+07	0	0	705.335	801.25	0	1	0	100	0	100	0	0	15	15	0	0	0	
5.47344e+07	0	0	1038.47	801.25	0	1	0	100	0	100	0	0	15	15	0	0	0	
5.48208e+07	0	0	561.718	801.25	0	1	0	100	0	100	0	0	15	15	0	0	0	
5.49072e+07	0	0	166.03	801.25	0	1	0	100	0	100	0	0	15	15	0	0	0	
5.49936e+07	0	0	302.293	801.25	0	1	0	100	0	100	0	0	15	15	0	0	0	
5.508e+07	0	0	439.324	801.25	0	1	0	100	0	100	0	0	15	15	0	0	0	
5.51664e+07	0	0	896.406	801.25	0	1	0	100	0	100	0	0	15	15	0	0	0	
5.52528e+07	0	0	384.073	801.25	0	1	0	100	0	100	0	0	15	15	0	0	0	
5.53392e+07	0	0	459.712	801.25	0	1	0	100	0	100	0	0	15	15	0	0	0	
5.54256e+07	0	0	666.891	801.25	0	1	0	100	0	100	0	0	15	15	0	0	0	
5.5512e+07	0	0	548.273	801.25	0	1	0	100	0	100	0	0	15	15	0	0	0	
5.55984e+07	0	0	246.693	801.25	0	1	0	100	0	100	0	0	15	15	0	0	0	
5.56848e+07	0	0	677.187	801.25	0	1	0	100	0	100	0	0	15	15	0	0	0	
5.57712e+07	0	0	1026.11	801.25	0	1	0	100	0	100	0	0	15	15	0	0	0	
5.58576e+07	0	0	1099.48	801.25	0	1	0	0	0	100	0	0	15	15	0	0	0	
5.5944e+07	0	0	1207.31	801.25	0	1	0	0	0	100	0	0	15	15	0	0	0	
5.60304e+07	0	0	1326.38	801.25	0	1	0	0	0	100	0	0	15	15	0	0	0	
5.61168e+07	0	0	1441.86	801.25	0	1	0	0	0	100	0	0	15	15	0	0	0	
5.62032e+07	0	0	1372.53	801.25	0	1	0	0	0	100	0	0	15	15	0	0	0	
5.62896e+07	0	0	1044.13	801.25	0	1	0	100	0	100	0	0	15	15	0	0	0	
5.6376e+07	0	0	833.34	801.25	0	1	0	100	0	100	0	0	15	15	0	0	0	
5.64624e+07	0	0	1297.18	801.25	0	1	0	100	0	100	0	0	15	15	0	0	0	
5.65488e+07	0	0	539.926	801.25	0	1	0	100	0	100	0	0	15	15	0	0	0	
5.66352e+07	0	0	1450.7	801.25	0	1	0	0	0	100	0	0	15	15	0	0	0	
5.67216e+07	0	0	1781.96	801.25	0	1	0	0	0	100	0	0	15	15	0	0	0	
5.6808e+07	0	0	1704.28	801.25	0	1	0	0	0	100	0	0	15	15	0	0	0	
5.68944e+07	0	0	825.313	801.25	0	1	0	0	0	100	0	0	15	15	0	0	0	
5.69808e+07	0	0	413.501	801.25	0	1	0	100	0	100	0	0	15	15	0	0	0	
5.70672e+07	0	0	326.404	801.25	0	1	0	100	0	100	0	0	15	15	0	0	0	
5.71536e+07	0	0	774.897	801.25	0	1	0	0	0	100	0	0	15	15	0	0	0	
5.724e+07	0	0	1044.48	801.25	0	1	0	0	0	100	0	0	15	15	0	0	0	
5.73264e+07	0	0	1729.39	801.25	0	1	0	0	0	100	0	0	15	15	0	0	0	
5.74128e+07	0	0	1063.96	801.25	0	1	0	0	0	100	0	0	15	15	0	0	0	
5.74992e+07	0	0	864.398	801.25	0	1	0	0	0	100	0	0	15	15	0	0	0	
5.75856e+07	0	0	230.178	801.25	0	1	0	0	0	100	0	0	15	15	0	0	0	
5.7672e+07	0	0	982.883	801.25	0	1	0	0	0	100	0	0	15	15	0	0	0	
5.77584e+07	0	0	1612.87	801.25	0	1	0	0	0	100	0	0	15	15	0	0	0	
5.78448e+07	0	0	1331.6	801.25	0	1	0	0	0	100	0	0	15	15	0	0	0	
5.79312e+07	0	0	816.492	801.25	0	1	0	0	0	100	0	0	15	15	0	0	0	
5.80176e+07	0	0	377.005	801.25	0	1	0	0	0	100	0	0	15	15	0	0	0	
5.8104e+07	0	0	356.143	801.25	0	1	0	100	0	100	0	0	15	15	0	0	0	
5.81904e+07	0	0	462.954	801.25	0	1	0	0	0	100	0	0	15	15	0	0	0	
5.82768e+07	0	0	1073.97	801.25	0	1	0	0	0	100	0	0	15	15	0	0	0	
5.83632e+07	0	0	1039.52	801.25	0	1	0	0	0	100	0	0	15	15	0	0	0	
5.84496e+07	0	0	1205.76	801.25	0	1	0	0	0	100	0	0	15	15	0	0	0	
5.8536e+07	0	0	1826.21	801.25	0	1	0	0	0	100	0	0	15	15	0	0	0	
5.86224e+07	0	0	1516.88	801.25	0	1	0	0	0	100	0	0	15	15	0	0	0	
5.87088e+07	0	0	1654.86	801.25	0	1	0	0	0	100	0	0	15	15	0	0	0	
5.87952e+07	0	0	1334.97	801.25	0	1	0	0	0	100	0	0	15	15	0	0	0	
5.88816e+07	0	0	1338.88	801.25	0	1	0	0	0	100	0	0	15	15	0	0	0	
5.8968e+07	0	0	1962.04	801.25	0	1	0	0	0	100	0	0	15	15	0	0	0	
5.90544e+07	0	0	2940.49	801.25	0	1	0	0	0	100	0	0	15	15	0	0	0	
5.91408e+07	0	0	3147.49	801.25	0	1	0	0	0	100	0	0	15	15	0	0	0	
5.92272e+07	0	0	3024.19	801.25	0	1	0	0	0	100	0	0	15	15	0	0	0	
5.93136e+07	0	0	2985.36	801.25	0	1	0	0	0	100	0	0	15	15	0	0	0	
5.94e+07	0	0	3083.04	801.25	0	1	0	0	0	100	0	0	15	15	0	0	0	
5.94864e+07	0	0	2545.76	801.25	0	1	0	0	0	100	0	0	15	15	0	0	0	
5.95728e+07	0	0	2994.53	801.25	0	1	0	0	0	100	0	0	15	15	0	0	0	
5.96592e+07	0	0	2276.35	801.25	0	1	0	0	0	100	0	0	15	15	0	0	0	
5.97456e+07	0	0	1403.92	801.25	0	1	0	0	0	100	0	0	15	15	0	0	0	
5.9832e+07	0	0	1346.02	801.25	0	1	0	0	0	100	0	0	15	15	0	0	0	
5.99184e+07	0	0	1539.37	801.25	0	1	0	0	0	100	0	0	15	15	0	0	0	
6.00048e+07	0	0	1737.57	801.25	0	1	0	0	0	100	0	0	15	15	0	0	0	
6.00912e+07	0	0	1893.56	801.25	0	1	0	0	0	100	0	0	15	15	0	0	0	
6.01776e+07	0	0	1853.02	801.25	0	1	0	0	0	100	0	0	15	15	0	0	0	
6.0264e+07	0	0	2312.72	801.25	0	1	0	0	0	100	0	0	15	15	0	0	0	
6.03504e+07	0	0	2607.71	801.25	0	1	0	0	0	100	0	0	15	15	0	0	0	
6.04368e+07	0	0	2819.77	801.25	0	1	0	0	0	100	0	0	15	15	0	0	0	
6.05232e+07	0	0	2359.45	801.25	0	1	0	0	0	100	0	0	15	15	0	0	0	
6.06096e+07	0	0	2573.68	801.25	0	1	0	0	0	100	0	0	15	15	0	0	0	
6.0696e+07	0	0	2362.76	801.25	0	1	0	0	0	100	0	0	15	15	0	0	0	
6.07824e+07	0	0	2306.23	801.25	0	1	0	0	0	100	0	0	15	15	0	0	0	
6.08688e+07	0	0	2703.55	801.25	0	1	0	0	0	100	0	0	15	15	0	0	0	
6.09552e+07	0	0	3782.42	801.25	0	1	0	0	0	100	0	0	15	15	0	0	0	
6.10416e+07	0	0	3607.5	801.25	0	1	0	0	0	100	0	0	15	15	0	0	0	
6.1128e+07	0	0	3450.57	801.25	0	1	0	0	0	100	0	0	15	15	0	0	0	
6.12144e+07	0	0	3523.67	801.25	0	1	0	0	0	100	0	0	15	15	0	0	0	
6.13008e+07	0	0	2807.85	801.25	0	1	0	0	0	100	0	0	15	15	0	0	0	
6.13872e+07	0	0	2190.77	801.25	0	1	0	0	0	100	0	0	15	15	0	0	0	
6.14736e+07	0	0	804.697	801.25	0	1	0	0	0	100	0	0	15	15	0	0	0	
6.156e+07	0	0	1775.81	801.25	0	1	0	0	0	100	0	0	15	15	0	0	0	
6.16464e+07	0	0	2735.14	801.25	0	1	0	0	0	100	0	0	15	15	0	0	0	
6.17328e+07	0	0	2420.74	801.25	0	1	0	0	0	100	0	0	15	15	0	0	0	
6.18192e+07	0	0	2444.75	801.25	0	1	0	0	0	100	0	0	15	15	0	0	0	
6.19056e+07	0	0	2694.41	801.25	0	1	0	0	0	100	0	0	15	15	0	0	0	
6.1992e+07	0	0	2039.3	801.25	0	1	0	0	0	100	0	0	15	15	0	0	0	
6.20784e+07	0	0	1271.37	801.25	0	1	0	0	0	100	0	0	15	15	0	0	0	
6.21648e+07	0	0	2128.45	801.25	0	1	0	0	0	100	0	0	15	15	0	0	0	
6.22512e+07	0	0	3197.62	801.25	0	1	0	0	0	100	0	0	15	15	0	0	0	
6.23376e+07	0	0	3223.88	801.25	0	1	0	0	0	100	0	0	15	15	0	0	0	
6.2424e+07	0	0	2685.91	801.25	0	1	0	0	0	100	0	0	15	15	0	0	0	
6.25104e+07	0	0	2470.9	801.25	0	1	0	0	0	100	0	0	15	15	0	0	0	
6.25968e+07	0	0	3215.42	801.25	0	1	0	0	0	100	0	0	15	15	0	0	0	
6.26832e+07	0	0	3186.25	801.25	0	1	0	0	0	100	0	0	15	15	0	0	0	
6.27696e+07	0	0	2050.8	801.25	0	1	0	0	0	100	0	0	15	15	0	0	0	
6.2856e+07	0	0	3104.14	801.25	0	1	0	0	0	100	0	0	15	15	0	0	0	
6.29424e+07	0	0	3434.7	801.25	0	1	0	0	0	100	0	0	15	15	0	0	0	
